vehicle_id;activity_index;arrival_time;end_time;name;location_id;iterations;unassigned_jobs;runtime;distance
vehicle_LEAD_Combustion_1;-1;0.0;0.0;start;6068627214;1000;0;4.75495;0.0;0.0;NaN;0.0;0.0;0.0;start
vehicle_LEAD_Combustion_1;52;0.0;1.0;pickupShipment;6068627214;1000;0;4.75495;0.0;0.0;NaN;0.0;0.0;1.0;D
vehicle_LEAD_Combustion_1;4;1.0;2.0;pickupShipment;6068627214;1000;0;4.75495;0.0;0.0;NaN;0.0;1.0;1.0;D
vehicle_LEAD_Combustion_1;80;2.0;3.0;pickupShipment;6068627214;1000;0;4.75495;0.0;0.0;NaN;0.0;2.0;1.0;D
vehicle_LEAD_Combustion_1;5;9.661046677906644;425.0;deliverShipment;5947847669;1000;0;4.75495;0.33305299999999993;0.0;NaN;0.0;9.661046677906644;415.33895332209335;1
vehicle_LEAD_Combustion_1;81;425.19509960980076;430.19509960980076;deliverShipment;5947847663;1000;0;4.75495;0.34280799999999995;0.0;NaN;0.0;425.19509960980076;5.0;2
vehicle_LEAD_Combustion_1;53;434.6772306455387;439.6772306455387;deliverShipment;25312137;1000;0;4.75495;0.566915;0.0;NaN;0.0;434.6772306455387;5.0;3
vehicle_LEAD_Combustion_1;206;443.3179833640333;444.3179833640333;pickupShipment;6068627214;1000;0;4.75495;0.748953;0.0;NaN;0.0;443.3179833640333;1.0;D
vehicle_LEAD_Combustion_1;36;444.3179833640333;445.3179833640333;pickupShipment;6068627214;1000;0;4.75495;0.748953;0.0;NaN;0.0;444.3179833640333;1.0;D
vehicle_LEAD_Combustion_1;126;445.3179833640333;446.3179833640333;pickupShipment;6068627214;1000;0;4.75495;0.748953;0.0;NaN;0.0;445.3179833640333;1.0;D
vehicle_LEAD_Combustion_1;66;446.3179833640333;447.3179833640333;pickupShipment;6068627214;1000;0;4.75495;0.748953;0.0;NaN;0.0;446.3179833640333;1.0;D
vehicle_LEAD_Combustion_1;207;464.10330979338045;469.10330979338045;deliverShipment;16564346;1000;0;4.75495;1.5882209999999999;0.0;NaN;0.0;464.10330979338045;5.0;1
vehicle_LEAD_Combustion_1;127;475.1607576784847;480.1607576784847;deliverShipment;33257061;1000;0;4.75495;1.8910939999999998;0.0;NaN;0.0;475.1607576784847;5.0;2
vehicle_LEAD_Combustion_1;67;480.1607576784847;863.45;deliverShipment;33257061;1000;0;4.75495;1.8910939999999998;0.0;NaN;0.0;480.1607576784847;383.28924232151536;3
vehicle_LEAD_Combustion_1;37;877.9021510956978;1098.3833333333334;deliverShipment;2244092199;1000;0;4.75495;2.613703;0.0;NaN;0.0;877.9021510956978;220.4811822376356;4
vehicle_LEAD_Combustion_1;62;1116.0053580892838;1117.0053580892838;pickupShipment;6068627214;1000;0;4.75495;3.494806;0.0;NaN;0.0;1116.0053580892838;1.0;D
vehicle_LEAD_Combustion_1;182;1117.0053580892838;1118.0053580892838;pickupShipment;6068627214;1000;0;4.75495;3.494806;0.0;NaN;0.0;1117.0053580892838;1.0;D
vehicle_LEAD_Combustion_1;63;1120.0054140891718;1125.0054140891718;deliverShipment;5947871000;1000;0;4.75495;3.594809;0.0;NaN;0.0;1120.0054140891718;5.0;1
vehicle_LEAD_Combustion_1;183;1125.2701935596128;1130.2701935596128;deliverShipment;5947870999;1000;0;4.75495;3.608048;0.0;NaN;0.0;1125.2701935596128;5.0;2
vehicle_LEAD_Combustion_1;210;1132.5350290299418;1133.5350290299418;pickupShipment;6068627214;1000;0;4.75495;3.72129;0.0;NaN;0.0;1132.5350290299418;1.0;D
vehicle_LEAD_Combustion_1;212;1133.5350290299418;1134.5350290299418;pickupShipment;6068627214;1000;0;4.75495;3.72129;0.0;NaN;0.0;1133.5350290299418;1.0;D
vehicle_LEAD_Combustion_1;220;1134.5350290299418;1135.5350290299418;pickupShipment;6068627214;1000;0;4.75495;3.72129;0.0;NaN;0.0;1134.5350290299418;1.0;D
vehicle_LEAD_Combustion_1;142;1135.5350290299418;1136.5350290299418;pickupShipment;6068627214;1000;0;4.75495;3.72129;0.0;NaN;0.0;1135.5350290299418;1.0;D
vehicle_LEAD_Combustion_1;221;1158.2086456827085;1163.2086456827085;deliverShipment;16564347;1000;0;4.75495;4.804973;0.0;NaN;0.0;1158.2086456827085;5.0;1
vehicle_LEAD_Combustion_1;143;1164.4923031153937;1169.4923031153937;deliverShipment;7362966881;1000;0;4.75495;4.869156;0.0;NaN;0.0;1164.4923031153937;5.0;2
vehicle_LEAD_Combustion_1;213;1172.7431966136066;1177.7431966136066;deliverShipment;277645033;1000;0;4.75495;5.031701;0.0;NaN;0.0;1172.7431966136066;5.0;3
vehicle_LEAD_Combustion_1;211;1180.8883903232193;1185.8883903232193;deliverShipment;5947847653;1000;0;4.75495;5.188961;0.0;NaN;0.0;1180.8883903232193;5.0;4
vehicle_LEAD_Combustion_1;188;1204.7622925754147;1205.7622925754147;pickupShipment;6068627214;1000;0;4.75495;6.132658;0.0;NaN;0.0;1204.7622925754147;1.0;D
vehicle_LEAD_Combustion_1;50;1205.7622925754147;1206.7622925754147;pickupShipment;6068627214;1000;0;4.75495;6.132658;0.0;NaN;0.0;1205.7622925754147;1.0;D
vehicle_LEAD_Combustion_1;246;1206.7622925754147;1207.7622925754147;pickupShipment;6068627214;1000;0;4.75495;6.132658;0.0;NaN;0.0;1206.7622925754147;1.0;D
vehicle_LEAD_Combustion_1;84;1207.7622925754147;1208.7622925754147;pickupShipment;6068627214;1000;0;4.75495;6.132658;0.0;NaN;0.0;1207.7622925754147;1.0;D
vehicle_LEAD_Combustion_1;247;1216.7369166261665;1221.7369166261665;deliverShipment;6297154743;1000;0;4.75495;6.53139;0.0;NaN;0.0;1216.7369166261665;5.0;1
vehicle_LEAD_Combustion_1;85;1221.7369166261665;1226.7369166261665;deliverShipment;6297154743;1000;0;4.75495;6.53139;0.0;NaN;0.0;1221.7369166261665;5.0;2
vehicle_LEAD_Combustion_1;51;1228.845812408375;1233.845812408375;deliverShipment;25312133;1000;0;4.75495;6.636835;0.0;NaN;0.0;1228.845812408375;5.0;3
vehicle_LEAD_Combustion_1;189;1237.7277246445506;1242.7277246445506;deliverShipment;25312137;1000;0;4.75495;6.830931;0.0;NaN;0.0;1237.7277246445506;5.0;4
vehicle_LEAD_Combustion_1;20;1246.368477363045;1247.368477363045;pickupShipment;6068627214;1000;0;4.75495;7.012969;0.0;NaN;0.0;1246.368477363045;1.0;D
vehicle_LEAD_Combustion_1;21;1247.368477363045;1252.368477363045;deliverShipment;6068627214;1000;0;4.75495;7.012969;0.0;NaN;0.0;1247.368477363045;5.0;1
vehicle_LEAD_Combustion_1;8;1252.368477363045;1253.368477363045;pickupShipment;6068627214;1000;0;4.75495;7.012969;0.0;NaN;0.0;1252.368477363045;1.0;D
vehicle_LEAD_Combustion_1;64;1253.368477363045;1254.368477363045;pickupShipment;6068627214;1000;0;4.75495;7.012969;0.0;NaN;0.0;1253.368477363045;1.0;D
vehicle_LEAD_Combustion_1;102;1254.368477363045;1255.368477363045;pickupShipment;6068627214;1000;0;4.75495;7.012969;0.0;NaN;0.0;1254.368477363045;1.0;D
vehicle_LEAD_Combustion_1;90;1255.368477363045;1256.368477363045;pickupShipment;6068627214;1000;0;4.75495;7.012969;0.0;NaN;0.0;1255.368477363045;1.0;D
vehicle_LEAD_Combustion_1;91;1274.7770005459986;1279.7770005459986;deliverShipment;2636357171;1000;0;4.75495;7.933397;0.0;NaN;0.0;1274.7770005459986;5.0;1
vehicle_LEAD_Combustion_1;103;1284.2983515032968;1289.2983515032968;deliverShipment;7017492283;1000;0;4.75495;8.159465;0.0;NaN;0.0;1284.2983515032968;5.0;2
vehicle_LEAD_Combustion_1;9;1294.4725411549175;1299.4725411549175;deliverShipment;6970402907;1000;0;4.75495;8.418175000000002;0.0;NaN;0.0;1294.4725411549175;5.0;3
vehicle_LEAD_Combustion_1;65;1299.833900432199;1304.833900432199;deliverShipment;6970402906;1000;0;4.75495;8.436243000000001;0.0;NaN;0.0;1299.833900432199;5.0;4
vehicle_LEAD_Combustion_1;40;1322.080705938588;1323.080705938588;pickupShipment;6068627214;1000;0;4.75495;9.298585000000001;0.0;NaN;0.0;1322.080705938588;1.0;D
vehicle_LEAD_Combustion_1;82;1323.080705938588;1324.080705938588;pickupShipment;6068627214;1000;0;4.75495;9.298585000000001;0.0;NaN;0.0;1323.080705938588;1.0;D
vehicle_LEAD_Combustion_1;22;1324.080705938588;1325.080705938588;pickupShipment;6068627214;1000;0;4.75495;9.298585000000001;0.0;NaN;0.0;1324.080705938588;1.0;D
vehicle_LEAD_Combustion_1;196;1325.080705938588;1326.080705938588;pickupShipment;6068627214;1000;0;4.75495;9.298585000000001;0.0;NaN;0.0;1325.080705938588;1.0;D
vehicle_LEAD_Combustion_1;41;1347.2558635882726;1352.2558635882726;deliverShipment;6970402902;1000;0;4.75495;10.357345;0.0;NaN;0.0;1347.2558635882726;5.0;1
vehicle_LEAD_Combustion_1;83;1354.7972785054428;1359.7972785054428;deliverShipment;6921021573;1000;0;4.75495;10.484416000000001;0.0;NaN;0.0;1354.7972785054428;5.0;2
vehicle_LEAD_Combustion_1;197;1367.9685821628354;1372.9685821628354;deliverShipment;1754647299;1000;0;4.75495;10.892982000000002;0.0;NaN;0.0;1367.9685821628354;5.0;3
vehicle_LEAD_Combustion_1;23;1377.0071940856117;1382.0071940856117;deliverShipment;6970402896;1000;0;4.75495;11.094913000000002;0.0;NaN;0.0;1377.0071940856117;5.0;4
vehicle_LEAD_Combustion_1;-2;1403.4366112267774;0.0;end;6068627214;1000;0;4.75495;12.166386000000003;0.0;NaN;0.0;1403.4366112267774;-1403.4366112267774;end
vehicle_LEAD_Combustion_2;-1;0.0;0.0;start;6068627214;1000;0;4.75495;0.0;0.0;NaN;0.0;0.0;0.0;start
vehicle_LEAD_Combustion_2;132;0.0;1.0;pickupShipment;6068627214;1000;0;4.75495;0.0;0.0;NaN;0.0;0.0;1.0;D
vehicle_LEAD_Combustion_2;46;1.0;2.0;pickupShipment;6068627214;1000;0;4.75495;0.0;0.0;NaN;0.0;1.0;1.0;D
vehicle_LEAD_Combustion_2;28;2.0;3.0;pickupShipment;6068627214;1000;0;4.75495;0.0;0.0;NaN;0.0;2.0;1.0;D
vehicle_LEAD_Combustion_2;6;3.0;4.0;pickupShipment;6068627214;1000;0;4.75495;0.0;0.0;NaN;0.0;3.0;1.0;D
vehicle_LEAD_Combustion_2;133;13.436801126397746;425.0;deliverShipment;5947881168;1000;0;4.75495;0.47184099999999995;0.0;NaN;0.0;13.436801126397746;411.56319887360223;1
vehicle_LEAD_Combustion_2;29;427.13537572924855;432.13537572924855;deliverShipment;6921021579;1000;0;4.75495;0.57861;0.0;NaN;0.0;427.13537572924855;5.0;2
vehicle_LEAD_Combustion_2;7;433.33329333341334;438.33329333341334;deliverShipment;6921021577;1000;0;4.75495;0.6385059999999999;0.0;NaN;0.0;433.33329333341334;5.0;3
vehicle_LEAD_Combustion_2;47;443.8956822086356;448.8956822086356;deliverShipment;3246517575;1000;0;4.75495;0.9166259999999999;0.0;NaN;0.0;443.8956822086356;5.0;4
vehicle_LEAD_Combustion_2;30;459.68678062643875;460.68678062643875;pickupShipment;6068627214;1000;0;4.75495;1.4561819999999999;0.0;NaN;0.0;459.68678062643875;1.0;D
vehicle_LEAD_Combustion_2;130;460.68678062643875;461.68678062643875;pickupShipment;6068627214;1000;0;4.75495;1.4561819999999999;0.0;NaN;0.0;460.68678062643875;1.0;D
vehicle_LEAD_Combustion_2;31;462.33285933428135;467.33285933428135;deliverShipment;5947870990;1000;0;4.75495;1.488486;0.0;NaN;0.0;462.33285933428135;5.0;1
vehicle_LEAD_Combustion_2;131;468.20603758792487;473.20603758792487;deliverShipment;917183790;1000;0;4.75495;1.5321449999999999;0.0;NaN;0.0;468.20603758792487;5.0;2
vehicle_LEAD_Combustion_2;180;474.72529454941093;475.72529454941093;pickupShipment;6068627214;1000;0;4.75495;1.6081079999999999;0.0;NaN;0.0;474.72529454941093;1.0;D
vehicle_LEAD_Combustion_2;232;475.72529454941093;476.72529454941093;pickupShipment;6068627214;1000;0;4.75495;1.6081079999999999;0.0;NaN;0.0;475.72529454941093;1.0;D
vehicle_LEAD_Combustion_2;12;476.72529454941093;477.72529454941093;pickupShipment;6068627214;1000;0;4.75495;1.6081079999999999;0.0;NaN;0.0;476.72529454941093;1.0;D
vehicle_LEAD_Combustion_2;14;477.72529454941093;478.72529454941093;pickupShipment;6068627214;1000;0;4.75495;1.6081079999999999;0.0;NaN;0.0;477.72529454941093;1.0;D
vehicle_LEAD_Combustion_2;181;492.983386033228;497.983386033228;deliverShipment;34815653;1000;0;4.75495;2.321014;0.0;NaN;0.0;492.983386033228;5.0;1
vehicle_LEAD_Combustion_2;233;500.8386003227994;505.8386003227994;deliverShipment;2244471203;1000;0;4.75495;2.463775;0.0;NaN;0.0;500.8386003227994;5.0;2
vehicle_LEAD_Combustion_2;15;507.6703566592867;512.6703566592867;deliverShipment;1384090139;1000;0;4.75495;2.555363;0.0;NaN;0.0;507.6703566592867;4.999999999999943;3
vehicle_LEAD_Combustion_2;74;527.4223871552257;528.4223871552257;pickupShipment;6068627214;1000;0;4.75495;3.292966;0.0;NaN;0.0;527.4223871552257;1.0;D
vehicle_LEAD_Combustion_2;204;528.4223871552257;529.4223871552257;pickupShipment;6068627214;1000;0;4.75495;3.292966;0.0;NaN;0.0;528.4223871552257;1.0;D
vehicle_LEAD_Combustion_2;160;529.4223871552257;530.4223871552257;pickupShipment;6068627214;1000;0;4.75495;3.292966;0.0;NaN;0.0;529.4223871552257;1.0;D
vehicle_LEAD_Combustion_2;205;542.9849420301159;547.9849420301159;deliverShipment;5273358484;1000;0;4.75495;3.9210949999999998;0.0;NaN;0.0;542.9849420301159;5.0;1
vehicle_LEAD_Combustion_2;13;549.6810186379627;554.6810186379627;deliverShipment;5273331647;1000;0;4.75495;4.005898999999999;0.0;NaN;0.0;549.6810186379627;5.0;2
vehicle_LEAD_Combustion_2;161;555.4136971726056;560.4136971726056;deliverShipment;6399726036;1000;0;4.75495;4.042533;0.0;NaN;0.0;555.4136971726056;5.0;3
vehicle_LEAD_Combustion_2;146;575.4050071899856;576.4050071899856;pickupShipment;6068627214;1000;0;4.75495;4.7921;0.0;NaN;0.0;575.4050071899856;1.0;D
vehicle_LEAD_Combustion_2;134;576.4050071899856;577.4050071899856;pickupShipment;6068627214;1000;0;4.75495;4.7921;0.0;NaN;0.0;576.4050071899856;1.0;D
vehicle_LEAD_Combustion_2;190;577.4050071899856;578.4050071899856;pickupShipment;6068627214;1000;0;4.75495;4.7921;0.0;NaN;0.0;577.4050071899856;1.0;D
vehicle_LEAD_Combustion_2;147;587.5514888970222;592.5514888970222;deliverShipment;5947881169;1000;0;4.75495;5.249425;0.0;NaN;0.0;587.5514888970222;5.0;1
vehicle_LEAD_Combustion_2;191;592.5514888970222;597.5514888970222;deliverShipment;5947881169;1000;0;4.75495;5.249425;0.0;NaN;0.0;592.5514888970222;5.0;2
vehicle_LEAD_Combustion_2;135;606.8102303795392;611.8102303795392;deliverShipment;5947870991;1000;0;4.75495;5.712363;0.0;NaN;0.0;606.8102303795392;5.0;3
vehicle_LEAD_Combustion_2;166;622.4280091439817;623.4280091439817;pickupShipment;6068627214;1000;0;4.75495;6.243253;0.0;NaN;0.0;622.4280091439817;1.0;D
vehicle_LEAD_Combustion_2;108;623.4280091439817;624.4280091439817;pickupShipment;6068627214;1000;0;4.75495;6.243253;0.0;NaN;0.0;623.4280091439817;1.0;D
vehicle_LEAD_Combustion_2;148;624.4280091439817;625.4280091439817;pickupShipment;6068627214;1000;0;4.75495;6.243253;0.0;NaN;0.0;624.4280091439817;1.0;D
vehicle_LEAD_Combustion_2;167;641.0757778484443;646.0757778484443;deliverShipment;1683287884;1000;0;4.75495;7.0256430000000005;0.0;NaN;0.0;641.0757778484443;5.0;1
vehicle_LEAD_Combustion_2;109;651.1579076841847;656.1579076841847;deliverShipment;6970402893;1000;0;4.75495;7.279750000000001;0.0;NaN;0.0;651.1579076841847;5.0;2
vehicle_LEAD_Combustion_2;149;664.0245919508162;669.0245919508162;deliverShipment;6921021579;1000;0;4.75495;7.673085000000001;0.0;NaN;0.0;664.0245919508162;5.0;3
vehicle_LEAD_Combustion_2;75;671.1599676800647;676.1599676800647;deliverShipment;5947881168;1000;0;4.75495;7.779854000000001;0.0;NaN;0.0;671.1599676800647;5.0;4
vehicle_LEAD_Combustion_2;170;685.5967688064625;686.5967688064625;pickupShipment;6068627214;1000;0;4.75495;8.251695000000002;0.0;NaN;0.0;685.5967688064625;1.0;D
vehicle_LEAD_Combustion_2;156;686.5967688064625;687.5967688064625;pickupShipment;6068627214;1000;0;4.75495;8.251695000000002;0.0;NaN;0.0;686.5967688064625;1.0;D
vehicle_LEAD_Combustion_2;76;687.5967688064625;688.5967688064625;pickupShipment;6068627214;1000;0;4.75495;8.251695000000002;0.0;NaN;0.0;687.5967688064625;1.0;D
vehicle_LEAD_Combustion_2;18;688.5967688064625;689.5967688064625;pickupShipment;6068627214;1000;0;4.75495;8.251695000000002;0.0;NaN;0.0;688.5967688064625;1.0;D
vehicle_LEAD_Combustion_2;171;700.8899862200276;705.8899862200276;deliverShipment;7182132321;1000;0;4.75495;8.816357000000002;0.0;NaN;0.0;700.8899862200276;5.0;1
vehicle_LEAD_Combustion_2;157;710.9477961044079;715.9477961044079;deliverShipment;5947847646;1000;0;4.75495;9.069248000000002;0.0;NaN;0.0;710.9477961044079;5.0;2
vehicle_LEAD_Combustion_2;77;717.4232331535338;722.4232331535338;deliverShipment;5947847652;1000;0;4.75495;9.143020000000002;0.0;NaN;0.0;717.4232331535338;5.0;3
vehicle_LEAD_Combustion_2;19;722.4232331535338;727.4232331535338;deliverShipment;5947847652;1000;0;4.75495;9.143020000000002;0.0;NaN;0.0;722.4232331535338;5.0;4
vehicle_LEAD_Combustion_2;238;745.0260179479642;746.0260179479642;pickupShipment;6068627214;1000;0;4.75495;10.023161000000002;0.0;NaN;0.0;745.0260179479642;1.0;D
vehicle_LEAD_Combustion_2;58;746.0260179479642;747.0260179479642;pickupShipment;6068627214;1000;0;4.75495;10.023161000000002;0.0;NaN;0.0;746.0260179479642;1.0;D
vehicle_LEAD_Combustion_2;198;747.0260179479642;748.0260179479642;pickupShipment;6068627214;1000;0;4.75495;10.023161000000002;0.0;NaN;0.0;747.0260179479642;1.0;D
vehicle_LEAD_Combustion_2;230;748.0260179479642;749.0260179479642;pickupShipment;6068627214;1000;0;4.75495;10.023161000000002;0.0;NaN;0.0;748.0260179479642;1.0;D
vehicle_LEAD_Combustion_2;239;757.2508414983171;762.2508414983171;deliverShipment;6297154742;1000;0;4.75495;10.434403000000001;0.0;NaN;0.0;757.2508414983171;5.0;1
vehicle_LEAD_Combustion_2;199;762.8960202079596;767.8960202079596;deliverShipment;6297154743;1000;0;4.75495;10.466662000000001;0.0;NaN;0.0;762.8960202079596;5.0;2
vehicle_LEAD_Combustion_2;231;770.0049159901681;775.0049159901681;deliverShipment;25312133;1000;0;4.75495;10.572107;0.0;NaN;0.0;770.0049159901681;5.0;3
vehicle_LEAD_Combustion_2;72;780.9034841930317;781.9034841930317;pickupShipment;6068627214;1000;0;4.75495;10.867036;0.0;NaN;0.0;780.9034841930317;1.0;D
vehicle_LEAD_Combustion_2;42;781.9034841930317;782.9034841930317;pickupShipment;6068627214;1000;0;4.75495;10.867036;0.0;NaN;0.0;781.9034841930317;1.0;D
vehicle_LEAD_Combustion_2;118;782.9034841930317;783.9034841930317;pickupShipment;6068627214;1000;0;4.75495;10.867036;0.0;NaN;0.0;782.9034841930317;1.0;D
vehicle_LEAD_Combustion_2;43;801.5464089071822;806.5464089071822;deliverShipment;6970402890;1000;0;4.75495;11.749184000000001;0.0;NaN;0.0;801.5464089071822;5.0;1
vehicle_LEAD_Combustion_2;73;808.9543040913919;813.9543040913919;deliverShipment;5109779163;1000;0;4.75495;11.869579000000002;0.0;NaN;0.0;808.9543040913919;5.0;2
vehicle_LEAD_Combustion_2;119;813.9543040913919;818.9543040913919;deliverShipment;5109779163;1000;0;4.75495;11.869579000000002;0.0;NaN;0.0;813.9543040913919;5.0;3
vehicle_LEAD_Combustion_2;59;822.1305177389646;827.1305177389646;deliverShipment;34815656;1000;0;4.75495;12.028390000000002;0.0;NaN;0.0;822.1305177389646;5.0;4
vehicle_LEAD_Combustion_2;98;843.984784030432;844.984784030432;pickupShipment;6068627214;1000;0;4.75495;12.871105000000002;0.0;NaN;0.0;843.984784030432;1.0;D
vehicle_LEAD_Combustion_2;60;844.984784030432;845.984784030432;pickupShipment;6068627214;1000;0;4.75495;12.871105000000002;0.0;NaN;0.0;844.984784030432;1.0;D
vehicle_LEAD_Combustion_2;184;845.984784030432;846.984784030432;pickupShipment;6068627214;1000;0;4.75495;12.871105000000002;0.0;NaN;0.0;845.984784030432;1.0;D
vehicle_LEAD_Combustion_2;244;846.984784030432;847.984784030432;pickupShipment;6068627214;1000;0;4.75495;12.871105000000002;0.0;NaN;0.0;846.984784030432;1.0;D
vehicle_LEAD_Combustion_2;99;852.9200941598118;857.9200941598118;deliverShipment;35678668;1000;0;4.75495;13.117871000000001;0.0;NaN;0.0;852.9200941598118;5.0;1
vehicle_LEAD_Combustion_2;61;857.9200941598118;942.9833333333333;deliverShipment;35678668;1000;0;4.75495;13.117871000000001;0.0;NaN;0.0;857.9200941598118;85.06323917352154;2
vehicle_LEAD_Combustion_2;185;942.9833333333333;947.9833333333333;deliverShipment;35678668;1000;0;4.75495;13.117871000000001;0.0;NaN;0.0;942.9833333333333;5.0;3
vehicle_LEAD_Combustion_2;245;947.9833333333333;952.9833333333333;deliverShipment;35678668;1000;0;4.75495;13.117871000000001;0.0;NaN;0.0;947.9833333333333;5.0;4
vehicle_LEAD_Combustion_2;242;957.9186434627131;958.9186434627131;pickupShipment;6068627214;1000;0;4.75495;13.364637;0.0;NaN;0.0;957.9186434627131;1.0;D
vehicle_LEAD_Combustion_2;154;958.9186434627131;959.9186434627131;pickupShipment;6068627214;1000;0;4.75495;13.364637;0.0;NaN;0.0;958.9186434627131;1.0;D
vehicle_LEAD_Combustion_2;226;959.9186434627131;960.9186434627131;pickupShipment;6068627214;1000;0;4.75495;13.364637;0.0;NaN;0.0;959.9186434627131;1.0;D
vehicle_LEAD_Combustion_2;216;960.9186434627131;961.9186434627131;pickupShipment;6068627214;1000;0;4.75495;13.364637;0.0;NaN;0.0;960.9186434627131;1.0;D
vehicle_LEAD_Combustion_2;155;980.3414066171869;985.3414066171869;deliverShipment;2336249518;1000;0;4.75495;14.285777;0.0;NaN;0.0;980.3414066171869;5.0;1
vehicle_LEAD_Combustion_2;227;991.2951947096107;996.2951947096107;deliverShipment;27503215;1000;0;4.75495;14.583466999999999;0.0;NaN;0.0;991.2951947096107;5.0;2
vehicle_LEAD_Combustion_2;217;996.2951947096107;1132.3166666666666;deliverShipment;27503215;1000;0;4.75495;14.583466999999999;0.0;NaN;0.0;996.2951947096107;136.02147195705595;3
vehicle_LEAD_Combustion_2;243;1138.2704547590904;1143.2704547590904;deliverShipment;2336249518;1000;0;4.75495;14.881156999999998;0.0;NaN;0.0;1138.2704547590904;5.0;4
vehicle_LEAD_Combustion_2;152;1161.693217913564;1162.693217913564;pickupShipment;6068627214;1000;0;4.75495;15.802296999999998;0.0;NaN;0.0;1161.693217913564;1.0;D
vehicle_LEAD_Combustion_2;248;1162.693217913564;1163.693217913564;pickupShipment;6068627214;1000;0;4.75495;15.802296999999998;0.0;NaN;0.0;1162.693217913564;1.0;D
vehicle_LEAD_Combustion_2;100;1163.693217913564;1164.693217913564;pickupShipment;6068627214;1000;0;4.75495;15.802296999999998;0.0;NaN;0.0;1163.693217913564;1.0;D
vehicle_LEAD_Combustion_2;236;1164.693217913564;1165.693217913564;pickupShipment;6068627214;1000;0;4.75495;15.802296999999998;0.0;NaN;0.0;1164.693217913564;1.0;D
vehicle_LEAD_Combustion_2;249;1172.3409046181905;1200.7833333333333;deliverShipment;5947847671;1000;0;4.75495;16.134681999999998;0.0;NaN;0.0;1172.3409046181905;28.442428715142796;1
vehicle_LEAD_Combustion_2;101;1200.7833333333333;1205.7833333333333;deliverShipment;5947847671;1000;0;4.75495;16.134681999999998;0.0;NaN;0.0;1200.7833333333333;5.0;2
vehicle_LEAD_Combustion_2;153;1207.6631695736608;1212.6631695736608;deliverShipment;25312138;1000;0;4.75495;16.228673999999998;0.0;NaN;0.0;1207.6631695736608;5.0;3
vehicle_LEAD_Combustion_2;237;1212.6631695736608;1217.6631695736608;deliverShipment;25312138;1000;0;4.75495;16.228673999999998;0.0;NaN;0.0;1212.6631695736608;5.0;4
vehicle_LEAD_Combustion_2;106;1223.8945571108857;1224.8945571108857;pickupShipment;6068627214;1000;0;4.75495;16.540243999999998;0.0;NaN;0.0;1223.8945571108857;1.0;D
vehicle_LEAD_Combustion_2;48;1224.8945571108857;1225.8945571108857;pickupShipment;6068627214;1000;0;4.75495;16.540243999999998;0.0;NaN;0.0;1224.8945571108857;1.0;D
vehicle_LEAD_Combustion_2;202;1225.8945571108857;1226.8945571108857;pickupShipment;6068627214;1000;0;4.75495;16.540243999999998;0.0;NaN;0.0;1225.8945571108857;1.0;D
vehicle_LEAD_Combustion_2;78;1226.8945571108857;1227.8945571108857;pickupShipment;6068627214;1000;0;4.75495;16.540243999999998;0.0;NaN;0.0;1226.8945571108857;1.0;D
vehicle_LEAD_Combustion_2;107;1239.759753380493;1244.759753380493;deliverShipment;2175345501;1000;0;4.75495;17.133505;0.0;NaN;0.0;1239.759753380493;5.0;1
vehicle_LEAD_Combustion_2;49;1249.3156242687512;1254.3156242687512;deliverShipment;829114775;1000;0;4.75495;17.361299;0.0;NaN;0.0;1249.3156242687512;5.0;2
vehicle_LEAD_Combustion_2;203;1254.3156242687512;1259.3156242687512;deliverShipment;829114775;1000;0;4.75495;17.361299;0.0;NaN;0.0;1254.3156242687512;5.0;3
vehicle_LEAD_Combustion_2;114;1274.788613322773;1275.788613322773;pickupShipment;6068627214;1000;0;4.75495;18.13495;0.0;NaN;0.0;1274.788613322773;1.0;D
vehicle_LEAD_Combustion_2;128;1275.788613322773;1276.788613322773;pickupShipment;6068627214;1000;0;4.75495;18.13495;0.0;NaN;0.0;1275.788613322773;1.0;D
vehicle_LEAD_Combustion_2;124;1276.788613322773;1277.788613322773;pickupShipment;6068627214;1000;0;4.75495;18.13495;0.0;NaN;0.0;1276.788613322773;1.0;D
vehicle_LEAD_Combustion_2;79;1291.4979459041078;1296.4979459041078;deliverShipment;25312126;1000;0;4.75495;18.820418;0.0;NaN;0.0;1291.4979459041078;5.0;1
vehicle_LEAD_Combustion_2;129;1298.8868211263573;1303.8868211263573;deliverShipment;4574272247;1000;0;4.75495;18.939862;0.0;NaN;0.0;1298.8868211263573;5.0;2
vehicle_LEAD_Combustion_2;125;1303.8868211263573;1308.8868211263573;deliverShipment;4574272247;1000;0;4.75495;18.939862;0.0;NaN;0.0;1303.8868211263573;5.0;3
vehicle_LEAD_Combustion_2;140;1324.9850289299418;1325.9850289299418;pickupShipment;6068627214;1000;0;4.75495;19.744774000000003;0.0;NaN;0.0;1324.9850289299418;1.0;D
vehicle_LEAD_Combustion_2;208;1325.9850289299418;1326.9850289299418;pickupShipment;6068627214;1000;0;4.75495;19.744774000000003;0.0;NaN;0.0;1325.9850289299418;1.0;D
vehicle_LEAD_Combustion_2;172;1326.9850289299418;1327.9850289299418;pickupShipment;6068627214;1000;0;4.75495;19.744774000000003;0.0;NaN;0.0;1326.9850289299418;1.0;D
vehicle_LEAD_Combustion_2;115;1343.6327976344044;1348.6327976344044;deliverShipment;1683287884;1000;0;4.75495;20.527164000000003;0.0;NaN;0.0;1343.6327976344044;5.0;1
vehicle_LEAD_Combustion_2;209;1354.4469060061876;1359.4469060061876;deliverShipment;27503216;1000;0;4.75495;20.817870000000003;0.0;NaN;0.0;1354.4469060061876;5.0;2
vehicle_LEAD_Combustion_2;173;1363.3046582906832;1368.3046582906832;deliverShipment;6970402888;1000;0;4.75495;21.010758000000003;0.0;NaN;0.0;1363.3046582906832;5.0;3
vehicle_LEAD_Combustion_2;141;1369.7028154943687;1374.7028154943687;deliverShipment;2244092187;1000;0;4.75495;21.080666000000004;0.0;NaN;0.0;1369.7028154943687;5.0;4
vehicle_LEAD_Combustion_2;-2;1390.8524431951132;0.0;end;6068627214;1000;0;4.75495;21.888149000000006;0.0;NaN;0.0;1390.8524431951132;-1390.8524431951132;end
vehicle_LEAD_Combustion_3;-1;0.0;0.0;start;6068627214;1000;0;4.75495;0.0;0.0;NaN;0.0;0.0;0.0;start
vehicle_LEAD_Combustion_3;138;0.0;1.0;pickupShipment;6068627214;1000;0;4.75495;0.0;0.0;NaN;0.0;0.0;1.0;D
vehicle_LEAD_Combustion_3;192;1.0;2.0;pickupShipment;6068627214;1000;0;4.75495;0.0;0.0;NaN;0.0;1.0;1.0;D
vehicle_LEAD_Combustion_3;32;2.0;3.0;pickupShipment;6068627214;1000;0;4.75495;0.0;0.0;NaN;0.0;2.0;1.0;D
vehicle_LEAD_Combustion_3;222;3.0;4.0;pickupShipment;6068627214;1000;0;4.75495;0.0;0.0;NaN;0.0;3.0;1.0;D
vehicle_LEAD_Combustion_3;223;17.709332581334834;425.0;deliverShipment;25312126;1000;0;4.75495;0.685468;0.0;NaN;0.0;17.709332581334834;407.2906674186652;1
vehicle_LEAD_Combustion_3;139;439.08149183701636;444.08149183701636;deliverShipment;831557249;1000;0;4.75495;1.3895440000000003;0.0;NaN;0.0;439.08149183701636;5.0;2
vehicle_LEAD_Combustion_3;193;460.8080783838433;465.8080783838433;deliverShipment;1764056268;1000;0;4.75495;2.2258750000000003;0.0;NaN;0.0;460.8080783838433;5.0;3
vehicle_LEAD_Combustion_3;33;491.4339871320258;496.4339871320258;deliverShipment;6970402888;1000;0;4.75495;3.5071730000000003;0.0;NaN;0.0;491.4339871320258;5.0;4
vehicle_LEAD_Combustion_3;122;513.4493931012138;514.4493931012138;pickupShipment;6068627214;1000;0;4.75495;4.357945000000001;0.0;NaN;0.0;513.4493931012138;1.0;D
vehicle_LEAD_Combustion_3;120;514.4493931012138;515.4493931012138;pickupShipment;6068627214;1000;0;4.75495;4.357945000000001;0.0;NaN;0.0;514.4493931012138;1.0;D
vehicle_LEAD_Combustion_3;94;515.4493931012138;516.4493931012138;pickupShipment;6068627214;1000;0;4.75495;4.357945000000001;0.0;NaN;0.0;515.4493931012138;1.0;D
vehicle_LEAD_Combustion_3;168;516.4493931012138;517.4493931012138;pickupShipment;6068627214;1000;0;4.75495;4.357945000000001;0.0;NaN;0.0;516.4493931012138;1.0;D
vehicle_LEAD_Combustion_3;123;524.0970798058404;529.0970798058404;deliverShipment;5947847671;1000;0;4.75495;4.690330000000001;0.0;NaN;0.0;524.0970798058404;5.0;1
vehicle_LEAD_Combustion_3;121;529.0970798058404;534.0970798058404;deliverShipment;5947847671;1000;0;4.75495;4.690330000000001;0.0;NaN;0.0;529.0970798058404;5.0;2
vehicle_LEAD_Combustion_3;169;534.3306993386013;539.3306993386013;deliverShipment;5947847670;1000;0;4.75495;4.7020110000000015;0.0;NaN;0.0;534.3306993386013;5.0;3
vehicle_LEAD_Combustion_3;95;541.4677550644899;546.4677550644899;deliverShipment;4574272246;1000;0;4.75495;4.808864000000002;0.0;NaN;0.0;541.4677550644899;5.0;4
vehicle_LEAD_Combustion_3;44;555.3165773668453;556.3165773668453;pickupShipment;6068627214;1000;0;4.75495;5.251306000000001;0.0;NaN;0.0;555.3165773668453;1.0;D
vehicle_LEAD_Combustion_3;214;556.3165773668453;557.3165773668453;pickupShipment;6068627214;1000;0;4.75495;5.251306000000001;0.0;NaN;0.0;556.3165773668453;1.0;D
vehicle_LEAD_Combustion_3;70;557.3165773668453;558.3165773668453;pickupShipment;6068627214;1000;0;4.75495;5.251306000000001;0.0;NaN;0.0;557.3165773668453;1.0;D
vehicle_LEAD_Combustion_3;34;558.3165773668453;559.3165773668453;pickupShipment;6068627214;1000;0;4.75495;5.251306000000001;0.0;NaN;0.0;558.3165773668453;1.0;D
vehicle_LEAD_Combustion_3;215;570.1076757846484;575.1076757846484;deliverShipment;3246517575;1000;0;4.75495;5.7908620000000015;0.0;NaN;0.0;570.1076757846484;5.0;1
vehicle_LEAD_Combustion_3;45;575.1076757846484;580.1076757846484;deliverShipment;3246517575;1000;0;4.75495;5.7908620000000015;0.0;NaN;0.0;575.1076757846484;5.0;2
vehicle_LEAD_Combustion_3;71;581.231033537933;586.231033537933;deliverShipment;6970402910;1000;0;4.75495;5.847030000000002;0.0;NaN;0.0;581.231033537933;5.0;3
vehicle_LEAD_Combustion_3;35;601.0708038583923;606.0708038583923;deliverShipment;7362230954;1000;0;4.75495;6.589020000000002;0.0;NaN;0.0;601.0708038583923;5.0;4
vehicle_LEAD_Combustion_3;178;624.8535662928674;625.8535662928674;pickupShipment;6068627214;1000;0;4.75495;7.528160000000002;0.0;NaN;0.0;624.8535662928674;1.0;D
vehicle_LEAD_Combustion_3;136;625.8535662928674;626.8535662928674;pickupShipment;6068627214;1000;0;4.75495;7.528160000000002;0.0;NaN;0.0;625.8535662928674;1.0;D
vehicle_LEAD_Combustion_3;234;626.8535662928674;627.8535662928674;pickupShipment;6068627214;1000;0;4.75495;7.528160000000002;0.0;NaN;0.0;626.8535662928674;1.0;D
vehicle_LEAD_Combustion_3;104;627.8535662928674;628.8535662928674;pickupShipment;6068627214;1000;0;4.75495;7.528160000000002;0.0;NaN;0.0;627.8535662928674;1.0;D
vehicle_LEAD_Combustion_3;179;646.0392519214962;651.0392519214962;deliverShipment;6970402907;1000;0;4.75495;8.387446000000002;0.0;NaN;0.0;646.0392519214962;5.0;1
vehicle_LEAD_Combustion_3;105;653.2924274151452;658.2924274151452;deliverShipment;6970402893;1000;0;4.75495;8.500105000000003;0.0;NaN;0.0;653.2924274151452;5.0;2
vehicle_LEAD_Combustion_3;235;658.2924274151452;663.2924274151452;deliverShipment;6970402893;1000;0;4.75495;8.500105000000003;0.0;NaN;0.0;658.2924274151452;5.0;3
vehicle_LEAD_Combustion_3;137;663.2924274151452;668.2924274151452;deliverShipment;6970402893;1000;0;4.75495;8.500105000000003;0.0;NaN;0.0;663.2924274151452;5.0;4
vehicle_LEAD_Combustion_3;116;687.731288537423;688.731288537423;pickupShipment;6068627214;1000;0;4.75495;9.472050000000003;0.0;NaN;0.0;687.731288537423;1.0;D
vehicle_LEAD_Combustion_3;144;688.731288537423;689.731288537423;pickupShipment;6068627214;1000;0;4.75495;9.472050000000003;0.0;NaN;0.0;688.731288537423;1.0;D
vehicle_LEAD_Combustion_3;228;689.731288537423;690.731288537423;pickupShipment;6068627214;1000;0;4.75495;9.472050000000003;0.0;NaN;0.0;689.731288537423;1.0;D
vehicle_LEAD_Combustion_3;174;690.731288537423;691.731288537423;pickupShipment;6068627214;1000;0;4.75495;9.472050000000003;0.0;NaN;0.0;690.731288537423;1.0;D
vehicle_LEAD_Combustion_3;117;700.6349507300986;705.6349507300986;deliverShipment;25312123;1000;0;4.75495;9.917234000000002;0.0;NaN;0.0;700.6349507300986;5.0;1
vehicle_LEAD_Combustion_3;145;705.6349507300986;710.6349507300986;deliverShipment;25312123;1000;0;4.75495;9.917234000000002;0.0;NaN;0.0;705.6349507300986;5.0;2
vehicle_LEAD_Combustion_3;229;710.6349507300986;715.6349507300986;deliverShipment;25312123;1000;0;4.75495;9.917234000000002;0.0;NaN;0.0;710.6349507300986;5.0;3
vehicle_LEAD_Combustion_3;175;715.6349507300986;779.6;deliverShipment;25312123;1000;0;4.75495;9.917234000000002;0.0;NaN;0.0;715.6349507300986;63.96504926990144;4
vehicle_LEAD_Combustion_3;158;788.5036621926756;789.5036621926756;pickupShipment;6068627214;1000;0;4.75495;10.362418000000002;0.0;NaN;0.0;788.5036621926756;1.0;D
vehicle_LEAD_Combustion_3;218;789.5036621926756;790.5036621926756;pickupShipment;6068627214;1000;0;4.75495;10.362418000000002;0.0;NaN;0.0;789.5036621926756;1.0;D
vehicle_LEAD_Combustion_3;38;790.5036621926756;791.5036621926756;pickupShipment;6068627214;1000;0;4.75495;10.362418000000002;0.0;NaN;0.0;790.5036621926756;1.0;D
vehicle_LEAD_Combustion_3;164;791.5036621926756;792.5036621926756;pickupShipment;6068627214;1000;0;4.75495;10.362418000000002;0.0;NaN;0.0;791.5036621926756;1.0;D
vehicle_LEAD_Combustion_3;219;802.8708814582371;895.2666666666667;deliverShipment;2244451870;1000;0;4.75495;10.880780000000001;0.0;NaN;0.0;802.8708814582371;92.39578520842952;1
vehicle_LEAD_Combustion_3;165;895.2666666666667;919.4166666666666;deliverShipment;2244451870;1000;0;4.75495;10.880780000000001;0.0;NaN;0.0;895.2666666666667;24.149999999999977;2
vehicle_LEAD_Combustion_3;16;929.7838859322281;930.7838859322281;pickupShipment;6068627214;1000;0;4.75495;11.399142000000001;0.0;NaN;0.0;929.7838859322281;1.0;D
vehicle_LEAD_Combustion_3;24;930.7838859322281;931.7838859322281;pickupShipment;6068627214;1000;0;4.75495;11.399142000000001;0.0;NaN;0.0;930.7838859322281;1.0;D
vehicle_LEAD_Combustion_3;17;947.2091150817698;952.2091150817698;deliverShipment;2244092186;1000;0;4.75495;12.170405;0.0;NaN;0.0;947.2091150817698;5.0;1
vehicle_LEAD_Combustion_3;25;958.4326226347547;1040.2666666666667;deliverShipment;5324491691;1000;0;4.75495;12.481581;0.0;NaN;0.0;958.4326226347547;81.83404403191196;2
vehicle_LEAD_Combustion_3;39;1040.2666666666667;1045.2666666666667;deliverShipment;5324491691;1000;0;4.75495;12.481581;0.0;NaN;0.0;1040.2666666666667;5.0;3
vehicle_LEAD_Combustion_3;159;1050.4982962034076;1109.05;deliverShipment;5947847669;1000;0;4.75495;12.743163000000001;0.0;NaN;0.0;1050.4982962034076;58.55170379659239;4
vehicle_LEAD_Combustion_3;110;1115.7110466779066;1116.7110466779066;pickupShipment;6068627214;1000;0;4.75495;13.076216;0.0;NaN;0.0;1115.7110466779066;1.0;D
vehicle_LEAD_Combustion_3;68;1116.7110466779066;1117.7110466779066;pickupShipment;6068627214;1000;0;4.75495;13.076216;0.0;NaN;0.0;1116.7110466779066;1.0;D
vehicle_LEAD_Combustion_3;56;1117.7110466779066;1118.7110466779066;pickupShipment;6068627214;1000;0;4.75495;13.076216;0.0;NaN;0.0;1117.7110466779066;1.0;D
vehicle_LEAD_Combustion_3;2;1118.7110466779066;1119.7110466779066;pickupShipment;6068627214;1000;0;4.75495;13.076216;0.0;NaN;0.0;1118.7110466779066;1.0;D
vehicle_LEAD_Combustion_3;111;1134.3811773376453;1139.3811773376453;deliverShipment;2244471203;1000;0;4.75495;13.809724000000001;0.0;NaN;0.0;1134.3811773376453;5.0;1
vehicle_LEAD_Combustion_3;57;1141.4280132439735;1146.4280132439735;deliverShipment;6297154746;1000;0;4.75495;13.912066000000001;0.0;NaN;0.0;1141.4280132439735;5.0;2
vehicle_LEAD_Combustion_3;69;1148.4748491503017;1153.4748491503017;deliverShipment;2244471203;1000;0;4.75495;14.014408000000001;0.0;NaN;0.0;1148.4748491503017;5.0;3
vehicle_LEAD_Combustion_3;96;1168.1449798100405;1169.1449798100405;pickupShipment;6068627214;1000;0;4.75495;14.747916000000002;0.0;NaN;0.0;1168.1449798100405;1.0;D
vehicle_LEAD_Combustion_3;112;1169.1449798100405;1170.1449798100405;pickupShipment;6068627214;1000;0;4.75495;14.747916000000002;0.0;NaN;0.0;1169.1449798100405;1.0;D
vehicle_LEAD_Combustion_3;26;1170.1449798100405;1171.1449798100405;pickupShipment;6068627214;1000;0;4.75495;14.747916000000002;0.0;NaN;0.0;1170.1449798100405;1.0;D
vehicle_LEAD_Combustion_3;97;1180.4837611324779;1185.4837611324779;deliverShipment;5947847660;1000;0;4.75495;15.214856000000001;0.0;NaN;0.0;1180.4837611324779;5.0;1
vehicle_LEAD_Combustion_3;113;1185.4837611324779;1190.4837611324779;deliverShipment;5947847660;1000;0;4.75495;15.214856000000001;0.0;NaN;0.0;1185.4837611324779;5.0;2
vehicle_LEAD_Combustion_3;88;1199.8225424549153;1200.8225424549153;pickupShipment;6068627214;1000;0;4.75495;15.681796;0.0;NaN;0.0;1199.8225424549153;1.0;D
vehicle_LEAD_Combustion_3;200;1200.8225424549153;1201.8225424549153;pickupShipment;6068627214;1000;0;4.75495;15.681796;0.0;NaN;0.0;1200.8225424549153;1.0;D
vehicle_LEAD_Combustion_3;89;1220.2297256405488;1225.2297256405488;deliverShipment;6842687749;1000;0;4.75495;16.602157000000002;0.0;NaN;0.0;1220.2297256405488;5.0;1
vehicle_LEAD_Combustion_3;201;1230.8576543846914;1235.8576543846914;deliverShipment;35678578;1000;0;4.75495;16.883554;0.0;NaN;0.0;1230.8576543846914;5.0;2
vehicle_LEAD_Combustion_3;27;1240.0952059095882;1245.0952059095882;deliverShipment;2170533263;1000;0;4.75495;17.095432;0.0;NaN;0.0;1240.0952059095882;5.0;3
vehicle_LEAD_Combustion_3;3;1249.6887767224466;1254.6887767224466;deliverShipment;4574272245;1000;0;4.75495;17.325111;0.0;NaN;0.0;1249.6887767224466;5.0;4
vehicle_LEAD_Combustion_3;-2;1261.9857221285558;0.0;end;6068627214;1000;0;4.75495;17.689958999999998;0.0;NaN;0.0;1261.9857221285558;-1261.9857221285558;end
vehicle_LEAD_Combustion_4;-1;0.0;0.0;start;6068627214;1000;0;4.75495;0.0;0.0;NaN;0.0;0.0;0.0;start
vehicle_LEAD_Combustion_4;240;0.0;1.0;pickupShipment;6068627214;1000;0;4.75495;0.0;0.0;NaN;0.0;0.0;1.0;D
vehicle_LEAD_Combustion_4;150;1.0;2.0;pickupShipment;6068627214;1000;0;4.75495;0.0;0.0;NaN;0.0;1.0;1.0;D
vehicle_LEAD_Combustion_4;162;2.0;3.0;pickupShipment;6068627214;1000;0;4.75495;0.0;0.0;NaN;0.0;2.0;1.0;D
vehicle_LEAD_Combustion_4;194;3.0;4.0;pickupShipment;6068627214;1000;0;4.75495;0.0;0.0;NaN;0.0;3.0;1.0;D
vehicle_LEAD_Combustion_4;151;16.098115803768394;425.0;deliverShipment;35678579;1000;0;4.75495;0.604907;0.0;NaN;0.0;16.098115803768394;408.9018841962316;1
vehicle_LEAD_Combustion_4;163;429.51939096121805;971.6666666666666;deliverShipment;2244471203;1000;0;4.75495;0.830877;0.0;NaN;0.0;429.51939096121805;542.1472757054486;2
vehicle_LEAD_Combustion_4;195;975.2033995932007;1150.0666666666666;deliverShipment;6929508856;1000;0;4.75495;1.007714;0.0;NaN;0.0;975.2033995932007;174.86326707346586;3
vehicle_LEAD_Combustion_4;241;1151.0164647670704;1182.05;deliverShipment;7363009585;1000;0;4.75495;1.055204;0.0;NaN;0.0;1151.0164647670704;31.03353523292958;4
vehicle_LEAD_Combustion_4;224;1193.1124978750042;1194.1124978750042;pickupShipment;6068627214;1000;0;4.75495;1.60833;0.0;NaN;0.0;1193.1124978750042;1.0;D
vehicle_LEAD_Combustion_4;186;1194.1124978750042;1195.1124978750042;pickupShipment;6068627214;1000;0;4.75495;1.60833;0.0;NaN;0.0;1194.1124978750042;1.0;D
vehicle_LEAD_Combustion_4;10;1195.1124978750042;1196.1124978750042;pickupShipment;6068627214;1000;0;4.75495;1.60833;0.0;NaN;0.0;1195.1124978750042;1.0;D
vehicle_LEAD_Combustion_4;86;1196.1124978750042;1197.1124978750042;pickupShipment;6068627214;1000;0;4.75495;1.60833;0.0;NaN;0.0;1196.1124978750042;1.0;D
vehicle_LEAD_Combustion_4;225;1200.9032302935393;1205.9032302935393;deliverShipment;5947847668;1000;0;4.75495;1.797867;0.0;NaN;0.0;1200.9032302935393;5.0;1
vehicle_LEAD_Combustion_4;87;1205.9032302935393;1210.9032302935393;deliverShipment;5947847668;1000;0;4.75495;1.797867;0.0;NaN;0.0;1205.9032302935393;5.0;2
vehicle_LEAD_Combustion_4;11;1210.9032302935393;1215.9032302935393;deliverShipment;5947847668;1000;0;4.75495;1.797867;0.0;NaN;0.0;1210.9032302935393;5.0;3
vehicle_LEAD_Combustion_4;176;1219.6939627120744;1220.6939627120744;pickupShipment;6068627214;1000;0;4.75495;1.9874040000000002;0.0;NaN;0.0;1219.6939627120744;1.0;D
vehicle_LEAD_Combustion_4;92;1220.6939627120744;1221.6939627120744;pickupShipment;6068627214;1000;0;4.75495;1.9874040000000002;0.0;NaN;0.0;1220.6939627120744;1.0;D
vehicle_LEAD_Combustion_4;54;1221.6939627120744;1222.6939627120744;pickupShipment;6068627214;1000;0;4.75495;1.9874040000000002;0.0;NaN;0.0;1221.6939627120744;1.0;D
vehicle_LEAD_Combustion_4;93;1233.4850611298775;1238.4850611298775;deliverShipment;3246517575;1000;0;4.75495;2.52696;0.0;NaN;0.0;1233.4850611298775;5.0;1
vehicle_LEAD_Combustion_4;177;1238.4850611298775;1243.4850611298775;deliverShipment;3246517575;1000;0;4.75495;2.52696;0.0;NaN;0.0;1238.4850611298775;5.0;2
vehicle_LEAD_Combustion_4;187;1247.2781135437726;1252.2781135437726;deliverShipment;6399726035;1000;0;4.75495;2.7166129999999997;0.0;NaN;0.0;1247.2781135437726;5.0;3
vehicle_LEAD_Combustion_4;55;1252.2781135437726;1278.7333333333333;deliverShipment;6399726035;1000;0;4.75495;2.7166129999999997;0.0;NaN;0.0;1252.2781135437726;26.455219789560715;4
vehicle_LEAD_Combustion_4;-2;1293.3174841650316;0.0;end;6068627214;1000;0;4.75495;3.4458219999999997;0.0;NaN;0.0;1293.3174841650316;-1293.3174841650316;end
