vehicle_id;activity_index;arrival_time;end_time;name;location_id;iterations;unassigned_jobs;runtime;distance
vehicle_LEAD_Combustion_1;-1;0.0;0.0;start;6068627214;1000;0;4.4237166666666665;0.0;0.0;NaN;0.0;0.0;0.0;start
vehicle_LEAD_Combustion_1;184;0.0;1.0;pickupShipment;6068627214;1000;0;4.4237166666666665;0.0;0.0;NaN;0.0;0.0;1.0;D
vehicle_LEAD_Combustion_1;200;1.0;2.0;pickupShipment;6068627214;1000;0;4.4237166666666665;0.0;0.0;NaN;0.0;1.0;1.0;D
vehicle_LEAD_Combustion_1;64;2.0;3.0;pickupShipment;6068627214;1000;0;4.4237166666666665;0.0;0.0;NaN;0.0;2.0;1.0;D
vehicle_LEAD_Combustion_1;201;7.85253029493941;425.0;deliverShipment;5947870995;1000;0;4.4237166666666665;0.24262699999999998;0.0;NaN;0.0;7.85253029493941;417.1474697050606;1
vehicle_LEAD_Combustion_1;52;429.8525302949394;430.8525302949394;pickupShipment;6068627214;1000;0;4.4237166666666665;0.48525399999999996;0.0;NaN;0.0;429.8525302949394;1.0;D
vehicle_LEAD_Combustion_1;220;430.8525302949394;431.8525302949394;pickupShipment;6068627214;1000;0;4.4237166666666665;0.48525399999999996;0.0;NaN;0.0;430.8525302949394;1.0;D
vehicle_LEAD_Combustion_1;185;440.70135259729483;445.70135259729483;deliverShipment;4574272246;1000;0;4.4237166666666665;0.9276959999999999;0.0;NaN;0.0;440.70135259729483;5.0;1
vehicle_LEAD_Combustion_1;65;445.70135259729483;450.70135259729483;deliverShipment;4574272246;1000;0;4.4237166666666665;0.9276959999999999;0.0;NaN;0.0;445.70135259729483;5.0;2
vehicle_LEAD_Combustion_1;221;452.253229493541;457.253229493541;deliverShipment;4574272245;1000;0;4.4237166666666665;1.0052899999999998;0.0;NaN;0.0;452.253229493541;5.0;3
vehicle_LEAD_Combustion_1;22;464.5501748996502;465.5501748996502;pickupShipment;6068627214;1000;0;4.4237166666666665;1.3701379999999999;0.0;NaN;0.0;464.5501748996502;1.0;D
vehicle_LEAD_Combustion_1;192;465.5501748996502;466.5501748996502;pickupShipment;6068627214;1000;0;4.4237166666666665;1.3701379999999999;0.0;NaN;0.0;465.5501748996502;1.0;D
vehicle_LEAD_Combustion_1;204;466.5501748996502;467.5501748996502;pickupShipment;6068627214;1000;0;4.4237166666666665;1.3701379999999999;0.0;NaN;0.0;466.5501748996502;1.0;D
vehicle_LEAD_Combustion_1;23;478.34127331745333;483.34127331745333;deliverShipment;3246517575;1000;0;4.4237166666666665;1.9096939999999998;0.0;NaN;0.0;478.34127331745333;5.0;1
vehicle_LEAD_Combustion_1;193;485.1127297745404;490.1127297745404;deliverShipment;5273358484;1000;0;4.4237166666666665;1.9982669999999998;0.0;NaN;0.0;485.1127297745404;5.0;2
vehicle_LEAD_Combustion_1;205;491.8841862316275;496.8841862316275;deliverShipment;3246517575;1000;0;4.4237166666666665;2.0868399999999996;0.0;NaN;0.0;491.8841862316275;5.0;3
vehicle_LEAD_Combustion_1;53;498.28234343531307;503.28234343531307;deliverShipment;6970402911;1000;0;4.4237166666666665;2.1567479999999994;0.0;NaN;0.0;498.28234343531307;5.0;4
vehicle_LEAD_Combustion_1;238;515.4715990568018;516.4715990568018;pickupShipment;6068627214;1000;0;4.4237166666666665;2.7662119999999994;0.0;NaN;0.0;515.4715990568018;1.0;D
vehicle_LEAD_Combustion_1;254;516.4715990568018;517.4715990568018;pickupShipment;6068627214;1000;0;4.4237166666666665;2.7662119999999994;0.0;NaN;0.0;516.4715990568018;1.0;D
vehicle_LEAD_Combustion_1;74;517.4715990568018;518.4715990568018;pickupShipment;6068627214;1000;0;4.4237166666666665;2.7662119999999994;0.0;NaN;0.0;517.4715990568018;1.0;D
vehicle_LEAD_Combustion_1;18;518.4715990568018;519.4715990568018;pickupShipment;6068627214;1000;0;4.4237166666666665;2.7662119999999994;0.0;NaN;0.0;518.4715990568018;1.0;D
vehicle_LEAD_Combustion_1;255;538.0716218567562;543.0716218567562;deliverShipment;7545572016;1000;0;4.4237166666666665;3.696214999999999;0.0;NaN;0.0;538.0716218567562;5.0;1
vehicle_LEAD_Combustion_1;19;543.0716218567562;548.0716218567562;deliverShipment;7545572016;1000;0;4.4237166666666665;3.696214999999999;0.0;NaN;0.0;543.0716218567562;5.0;2
vehicle_LEAD_Combustion_1;258;566.6716446567107;567.6716446567107;pickupShipment;6068627214;1000;0;4.4237166666666665;4.626217999999999;0.0;NaN;0.0;566.6716446567107;1.0;D
vehicle_LEAD_Combustion_1;248;567.6716446567107;568.6716446567107;pickupShipment;6068627214;1000;0;4.4237166666666665;4.626217999999999;0.0;NaN;0.0;567.6716446567107;1.0;D
vehicle_LEAD_Combustion_1;75;580.8609002781994;585.8609002781994;deliverShipment;6970402911;1000;0;4.4237166666666665;5.235681999999999;0.0;NaN;0.0;580.8609002781994;5.0;1
vehicle_LEAD_Combustion_1;239;586.1356997286006;591.1356997286006;deliverShipment;6970402910;1000;0;4.4237166666666665;5.249421999999999;0.0;NaN;0.0;586.1356997286006;5.0;2
vehicle_LEAD_Combustion_1;249;593.4798750402499;598.4798750402499;deliverShipment;5273331647;1000;0;4.4237166666666665;5.366630999999999;0.0;NaN;0.0;593.4798750402499;5.0;3
vehicle_LEAD_Combustion_1;259;603.9034441931116;608.9034441931116;deliverShipment;5947881172;1000;0;4.4237166666666665;5.637809999999999;0.0;NaN;0.0;603.9034441931116;5.0;4
vehicle_LEAD_Combustion_1;112;618.0671858656282;619.0671858656282;pickupShipment;6068627214;1000;0;4.4237166666666665;6.095997999999999;0.0;NaN;0.0;618.0671858656282;1.0;D
vehicle_LEAD_Combustion_1;148;619.0671858656282;620.0671858656282;pickupShipment;6068627214;1000;0;4.4237166666666665;6.095997999999999;0.0;NaN;0.0;619.0671858656282;1.0;D
vehicle_LEAD_Combustion_1;60;620.0671858656282;621.0671858656282;pickupShipment;6068627214;1000;0;4.4237166666666665;6.095997999999999;0.0;NaN;0.0;620.0671858656282;1.0;D
vehicle_LEAD_Combustion_1;100;621.0671858656282;622.0671858656282;pickupShipment;6068627214;1000;0;4.4237166666666665;6.095997999999999;0.0;NaN;0.0;621.0671858656282;1.0;D
vehicle_LEAD_Combustion_1;61;633.7137425725148;638.7137425725148;deliverShipment;5947847654;1000;0;4.4237166666666665;6.678326999999999;0.0;NaN;0.0;633.7137425725148;5.0;1
vehicle_LEAD_Combustion_1;113;642.4339551320896;647.4339551320896;deliverShipment;35678579;1000;0;4.4237166666666665;6.864337999999998;0.0;NaN;0.0;642.4339551320896;5.0;2
vehicle_LEAD_Combustion_1;101;649.1289317421364;654.1289317421364;deliverShipment;2170533263;1000;0;4.4237166666666665;6.949086999999999;0.0;NaN;0.0;649.1289317421364;5.0;3
vehicle_LEAD_Combustion_1;170;666.019447961104;667.019447961104;pickupShipment;6068627214;1000;0;4.4237166666666665;7.543613999999999;0.0;NaN;0.0;666.019447961104;1.0;D
vehicle_LEAD_Combustion_1;70;667.019447961104;668.019447961104;pickupShipment;6068627214;1000;0;4.4237166666666665;7.543613999999999;0.0;NaN;0.0;667.019447961104;1.0;D
vehicle_LEAD_Combustion_1;268;668.019447961104;669.019447961104;pickupShipment;6068627214;1000;0;4.4237166666666665;7.543613999999999;0.0;NaN;0.0;668.019447961104;1.0;D
vehicle_LEAD_Combustion_1;149;680.5154449691099;685.5154449691099;deliverShipment;16564357;1000;0;4.4237166666666665;8.118414999999999;0.0;NaN;0.0;680.5154449691099;5.0;1
vehicle_LEAD_Combustion_1;269;687.0847218305562;692.0847218305562;deliverShipment;33257060;1000;0;4.4237166666666665;8.196879;0.0;NaN;0.0;687.0847218305562;5.0;2
vehicle_LEAD_Combustion_1;71;703.2620194759609;708.2620194759609;deliverShipment;6970402888;1000;0;4.4237166666666665;8.755745;0.0;NaN;0.0;703.2620194759609;5.0;3
vehicle_LEAD_Combustion_1;171;714.795686408627;719.795686408627;deliverShipment;7363009587;1000;0;4.4237166666666665;9.082429;0.0;NaN;0.0;714.795686408627;5.0;4
vehicle_LEAD_Combustion_1;32;730.56004487991;731.56004487991;pickupShipment;6068627214;1000;0;4.4237166666666665;9.620648;0.0;NaN;0.0;730.56004487991;1.0;D
vehicle_LEAD_Combustion_1;20;731.56004487991;732.56004487991;pickupShipment;6068627214;1000;0;4.4237166666666665;9.620648;0.0;NaN;0.0;731.56004487991;1.0;D
vehicle_LEAD_Combustion_1;256;732.56004487991;733.56004487991;pickupShipment;6068627214;1000;0;4.4237166666666665;9.620648;0.0;NaN;0.0;732.56004487991;1.0;D
vehicle_LEAD_Combustion_1;33;735.560100879798;740.560100879798;deliverShipment;5947871000;1000;0;4.4237166666666665;9.720650999999998;0.0;NaN;0.0;735.560100879798;5.0;1
vehicle_LEAD_Combustion_1;21;741.4272791454415;746.4272791454415;deliverShipment;5947847672;1000;0;4.4237166666666665;9.764009999999999;0.0;NaN;0.0;741.4272791454415;5.0;2
vehicle_LEAD_Combustion_1;257;746.4272791454415;751.4272791454415;deliverShipment;5947847672;1000;0;4.4237166666666665;9.764009999999999;0.0;NaN;0.0;746.4272791454415;5.0;3
vehicle_LEAD_Combustion_1;162;752.6461567076864;753.6461567076864;pickupShipment;6068627214;1000;0;4.4237166666666665;9.824953999999998;0.0;NaN;0.0;752.6461567076864;1.0;D
vehicle_LEAD_Combustion_1;230;753.6461567076864;754.6461567076864;pickupShipment;6068627214;1000;0;4.4237166666666665;9.824953999999998;0.0;NaN;0.0;753.6461567076864;1.0;D
vehicle_LEAD_Combustion_1;50;754.6461567076864;755.6461567076864;pickupShipment;6068627214;1000;0;4.4237166666666665;9.824953999999998;0.0;NaN;0.0;754.6461567076864;1.0;D
vehicle_LEAD_Combustion_1;86;755.6461567076864;756.6461567076864;pickupShipment;6068627214;1000;0;4.4237166666666665;9.824953999999998;0.0;NaN;0.0;755.6461567076864;1.0;D
vehicle_LEAD_Combustion_1;231;778.0755738488521;783.0755738488521;deliverShipment;6970402896;1000;0;4.4237166666666665;10.896427;0.0;NaN;0.0;778.0755738488521;5.0;1
vehicle_LEAD_Combustion_1;87;783.0755738488521;788.0755738488521;deliverShipment;6970402896;1000;0;4.4237166666666665;10.896427;0.0;NaN;0.0;783.0755738488521;5.0;2
vehicle_LEAD_Combustion_1;163;788.4860330279337;814.2833333333333;deliverShipment;6970402897;1000;0;4.4237166666666665;10.91695;0.0;NaN;0.0;788.4860330279337;25.79730030539963;3
vehicle_LEAD_Combustion_1;51;816.0723897552205;821.0723897552205;deliverShipment;5109779163;1000;0;4.4237166666666665;11.006403;0.0;NaN;0.0;816.0723897552205;5.0;4
vehicle_LEAD_Combustion_1;40;841.1232096535807;842.1232096535807;pickupShipment;6068627214;1000;0;4.4237166666666665;12.008946000000002;0.0;NaN;0.0;841.1232096535807;1.0;D
vehicle_LEAD_Combustion_1;28;842.1232096535807;843.1232096535807;pickupShipment;6068627214;1000;0;4.4237166666666665;12.008946000000002;0.0;NaN;0.0;842.1232096535807;1.0;D
vehicle_LEAD_Combustion_1;29;843.1232096535807;848.1232096535807;deliverShipment;6068627214;1000;0;4.4237166666666665;12.008946000000002;0.0;NaN;0.0;843.1232096535807;5.0;1
vehicle_LEAD_Combustion_1;26;848.1232096535807;849.1232096535807;pickupShipment;6068627214;1000;0;4.4237166666666665;12.008946000000002;0.0;NaN;0.0;848.1232096535807;1.0;D
vehicle_LEAD_Combustion_1;27;850.1672475655049;855.1672475655049;deliverShipment;5947847673;1000;0;4.4237166666666665;12.061148000000001;0.0;NaN;0.0;850.1672475655049;5.0;1
vehicle_LEAD_Combustion_1;88;856.2112854774291;857.2112854774291;pickupShipment;6068627214;1000;0;4.4237166666666665;12.11335;0.0;NaN;0.0;856.2112854774291;1.0;D
vehicle_LEAD_Combustion_1;128;857.2112854774291;858.2112854774291;pickupShipment;6068627214;1000;0;4.4237166666666665;12.11335;0.0;NaN;0.0;857.2112854774291;1.0;D
vehicle_LEAD_Combustion_1;106;858.2112854774291;859.2112854774291;pickupShipment;6068627214;1000;0;4.4237166666666665;12.11335;0.0;NaN;0.0;858.2112854774291;1.0;D
vehicle_LEAD_Combustion_1;107;870.2737833524334;875.2737833524334;deliverShipment;7363009585;1000;0;4.4237166666666665;12.666476000000001;0.0;NaN;0.0;870.2737833524334;5.0;1
vehicle_LEAD_Combustion_1;89;878.3109972780055;1028.6166666666668;deliverShipment;6297154747;1000;0;4.4237166666666665;12.818337000000001;0.0;NaN;0.0;878.3109972780055;150.30566938866127;2
vehicle_LEAD_Combustion_1;41;1030.0225638548725;1035.0225638548725;deliverShipment;34815653;1000;0;4.4237166666666665;12.888632000000001;0.0;NaN;0.0;1030.0225638548725;5.0;3
vehicle_LEAD_Combustion_1;129;1054.5658647682706;1094.3833333333334;deliverShipment;1581680176;1000;0;4.4237166666666665;13.865799;0.0;NaN;0.0;1054.5658647682706;39.81746856506288;4
vehicle_LEAD_Combustion_1;30;1116.2288896422208;1117.2288896422208;pickupShipment;6068627214;1000;0;4.4237166666666665;14.958079000000001;0.0;NaN;0.0;1116.2288896422208;1.0;D
vehicle_LEAD_Combustion_1;94;1117.2288896422208;1118.2288896422208;pickupShipment;6068627214;1000;0;4.4237166666666665;14.958079000000001;0.0;NaN;0.0;1117.2288896422208;1.0;D
vehicle_LEAD_Combustion_1;14;1118.2288896422208;1119.2288896422208;pickupShipment;6068627214;1000;0;4.4237166666666665;14.958079000000001;0.0;NaN;0.0;1118.2288896422208;1.0;D
vehicle_LEAD_Combustion_1;196;1119.2288896422208;1120.2288896422208;pickupShipment;6068627214;1000;0;4.4237166666666665;14.958079000000001;0.0;NaN;0.0;1119.2288896422208;1.0;D
vehicle_LEAD_Combustion_1;31;1134.1682617634765;1139.1682617634765;deliverShipment;6921021578;1000;0;4.4237166666666665;15.655049000000002;0.0;NaN;0.0;1134.1682617634765;5.0;1
vehicle_LEAD_Combustion_1;197;1141.4782371435258;1146.4782371435258;deliverShipment;2636357128;1000;0;4.4237166666666665;15.770548000000002;0.0;NaN;0.0;1141.4782371435258;5.0;2
vehicle_LEAD_Combustion_1;95;1155.4354792290417;1160.4354792290417;deliverShipment;3246517575;1000;0;4.4237166666666665;16.218411000000003;0.0;NaN;0.0;1155.4354792290417;5.0;3
vehicle_LEAD_Combustion_1;260;1171.2265776468448;1172.2265776468448;pickupShipment;6068627214;1000;0;4.4237166666666665;16.757967000000004;0.0;NaN;0.0;1171.2265776468448;1.0;D
vehicle_LEAD_Combustion_1;2;1172.2265776468448;1173.2265776468448;pickupShipment;6068627214;1000;0;4.4237166666666665;16.757967000000004;0.0;NaN;0.0;1172.2265776468448;1.0;D
vehicle_LEAD_Combustion_1;122;1173.2265776468448;1174.2265776468448;pickupShipment;6068627214;1000;0;4.4237166666666665;16.757967000000004;0.0;NaN;0.0;1173.2265776468448;1.0;D
vehicle_LEAD_Combustion_1;261;1188.8967083065836;1193.8967083065836;deliverShipment;2244471203;1000;0;4.4237166666666665;17.491475000000005;0.0;NaN;0.0;1188.8967083065836;5.0;1
vehicle_LEAD_Combustion_1;123;1199.4031772936457;1204.4031772936457;deliverShipment;34815654;1000;0;4.4237166666666665;17.766799000000006;0.0;NaN;0.0;1199.4031772936457;5.0;2
vehicle_LEAD_Combustion_1;3;1204.441237217526;1209.441237217526;deliverShipment;5324491691;1000;0;4.4237166666666665;17.768702000000005;0.0;NaN;0.0;1204.441237217526;5.0;3
vehicle_LEAD_Combustion_1;15;1222.5437910124183;1227.5437910124183;deliverShipment;5947847668;1000;0;4.4237166666666665;18.423831000000003;0.0;NaN;0.0;1222.5437910124183;5.0;4
vehicle_LEAD_Combustion_1;102;1231.3345234309534;1232.3345234309534;pickupShipment;6068627214;1000;0;4.4237166666666665;18.613368000000005;0.0;NaN;0.0;1231.3345234309534;1.0;D
vehicle_LEAD_Combustion_1;4;1232.3345234309534;1233.3345234309534;pickupShipment;6068627214;1000;0;4.4237166666666665;18.613368000000005;0.0;NaN;0.0;1232.3345234309534;1.0;D
vehicle_LEAD_Combustion_1;244;1233.3345234309534;1234.3345234309534;pickupShipment;6068627214;1000;0;4.4237166666666665;18.613368000000005;0.0;NaN;0.0;1233.3345234309534;1.0;D
vehicle_LEAD_Combustion_1;134;1234.3345234309534;1235.3345234309534;pickupShipment;6068627214;1000;0;4.4237166666666665;18.613368000000005;0.0;NaN;0.0;1234.3345234309534;1.0;D
vehicle_LEAD_Combustion_1;135;1252.3499294001415;1257.3499294001415;deliverShipment;6970402888;1000;0;4.4237166666666665;19.464140000000004;0.0;NaN;0.0;1252.3499294001415;5.0;1
vehicle_LEAD_Combustion_1;245;1257.5110690778622;1262.5110690778622;deliverShipment;34815656;1000;0;4.4237166666666665;19.472197000000005;0.0;NaN;0.0;1257.5110690778622;5.0;2
vehicle_LEAD_Combustion_1;5;1265.915622268756;1270.915622268756;deliverShipment;6297154746;1000;0;4.4237166666666665;19.642425000000006;0.0;NaN;0.0;1265.915622268756;5.0;3
vehicle_LEAD_Combustion_1;103;1276.5389110221784;1281.5389110221784;deliverShipment;6297154742;1000;0;4.4237166666666665;19.923590000000008;0.0;NaN;0.0;1276.5389110221784;5.0;4
vehicle_LEAD_Combustion_1;124;1289.7637345725313;1290.7637345725313;pickupShipment;6068627214;1000;0;4.4237166666666665;20.33483200000001;0.0;NaN;0.0;1289.7637345725313;1.0;D
vehicle_LEAD_Combustion_1;125;1290.7637345725313;1295.7637345725313;deliverShipment;6068627214;1000;0;4.4237166666666665;20.33483200000001;0.0;NaN;0.0;1290.7637345725313;5.0;1
vehicle_LEAD_Combustion_1;138;1295.7637345725313;1296.7637345725313;pickupShipment;6068627214;1000;0;4.4237166666666665;20.33483200000001;0.0;NaN;0.0;1295.7637345725313;1.0;D
vehicle_LEAD_Combustion_1;54;1296.7637345725313;1297.7637345725313;pickupShipment;6068627214;1000;0;4.4237166666666665;20.33483200000001;0.0;NaN;0.0;1296.7637345725313;1.0;D
vehicle_LEAD_Combustion_1;84;1297.7637345725313;1298.7637345725313;pickupShipment;6068627214;1000;0;4.4237166666666665;20.33483200000001;0.0;NaN;0.0;1297.7637345725313;1.0;D
vehicle_LEAD_Combustion_1;188;1298.7637345725313;1299.7637345725313;pickupShipment;6068627214;1000;0;4.4237166666666665;20.33483200000001;0.0;NaN;0.0;1298.7637345725313;1.0;D
vehicle_LEAD_Combustion_1;139;1311.7591505816993;1316.7591505816993;deliverShipment;6921021581;1000;0;4.4237166666666665;20.93460400000001;0.0;NaN;0.0;1311.7591505816993;5.0;1
vehicle_LEAD_Combustion_1;55;1321.5914209171585;1326.5914209171585;deliverShipment;6970402909;1000;0;4.4237166666666665;21.17621800000001;0.0;NaN;0.0;1321.5914209171585;5.0;2
vehicle_LEAD_Combustion_1;85;1326.5914209171585;1331.5914209171585;deliverShipment;6970402909;1000;0;4.4237166666666665;21.17621800000001;0.0;NaN;0.0;1326.5914209171585;5.0;3
vehicle_LEAD_Combustion_1;189;1331.5914209171585;1336.5914209171585;deliverShipment;6970402909;1000;0;4.4237166666666665;21.17621800000001;0.0;NaN;0.0;1331.5914209171585;5.0;4
vehicle_LEAD_Combustion_1;-2;1353.419107261786;0.0;end;6068627214;1000;0;4.4237166666666665;22.01760400000001;0.0;NaN;0.0;1353.419107261786;-1353.419107261786;end
vehicle_LEAD_Combustion_2;-1;0.0;0.0;start;6068627214;1000;0;4.4237166666666665;0.0;0.0;NaN;0.0;0.0;0.0;start
vehicle_LEAD_Combustion_2;144;0.0;1.0;pickupShipment;6068627214;1000;0;4.4237166666666665;0.0;0.0;NaN;0.0;0.0;1.0;D
vehicle_LEAD_Combustion_2;150;1.0;2.0;pickupShipment;6068627214;1000;0;4.4237166666666665;0.0;0.0;NaN;0.0;1.0;1.0;D
vehicle_LEAD_Combustion_2;234;2.0;3.0;pickupShipment;6068627214;1000;0;4.4237166666666665;0.0;0.0;NaN;0.0;2.0;1.0;D
vehicle_LEAD_Combustion_2;72;3.0;4.0;pickupShipment;6068627214;1000;0;4.4237166666666665;0.0;0.0;NaN;0.0;3.0;1.0;D
vehicle_LEAD_Combustion_2;145;10.465947068105862;425.0;deliverShipment;5947847663;1000;0;4.4237166666666665;0.3232979999999999;0.0;NaN;0.0;10.465947068105862;414.53405293189417;1
vehicle_LEAD_Combustion_2;235;427.6708346583307;432.6708346583307;deliverShipment;5947847657;1000;0;4.4237166666666665;0.4568399999999999;0.0;NaN;0.0;427.6708346583307;5.0;2
vehicle_LEAD_Combustion_2;73;432.8728342543315;437.8728342543315;deliverShipment;5947847660;1000;0;4.4237166666666665;0.4669399999999999;0.0;NaN;0.0;432.8728342543315;5.0;3
vehicle_LEAD_Combustion_2;151;438.0748338503323;443.0748338503323;deliverShipment;5947847657;1000;0;4.4237166666666665;0.4770399999999999;0.0;NaN;0.0;438.0748338503323;5.0;4
vehicle_LEAD_Combustion_2;208;452.21161557676885;453.21161557676885;pickupShipment;6068627214;1000;0;4.4237166666666665;0.9338799999999998;0.0;NaN;0.0;452.21161557676885;1.0;D
vehicle_LEAD_Combustion_2;24;453.21161557676885;454.21161557676885;pickupShipment;6068627214;1000;0;4.4237166666666665;0.9338799999999998;0.0;NaN;0.0;453.21161557676885;1.0;D
vehicle_LEAD_Combustion_2;156;454.21161557676885;455.21161557676885;pickupShipment;6068627214;1000;0;4.4237166666666665;0.9338799999999998;0.0;NaN;0.0;454.21161557676885;1.0;D
vehicle_LEAD_Combustion_2;202;455.21161557676885;456.21161557676885;pickupShipment;6068627214;1000;0;4.4237166666666665;0.9338799999999998;0.0;NaN;0.0;455.21161557676885;1.0;D
vehicle_LEAD_Combustion_2;209;482.6048427903144;487.6048427903144;deliverShipment;1754647302;1000;0;4.4237166666666665;2.253544;0.0;NaN;0.0;482.6048427903144;5.0;1
vehicle_LEAD_Combustion_2;25;488.5503808992382;875.4;deliverShipment;1754647299;1000;0;4.4237166666666665;2.300821;0.0;NaN;0.0;488.5503808992382;386.8496191007618;2
vehicle_LEAD_Combustion_2;157;894.4631818736362;1097.2666666666667;deliverShipment;1764056268;1000;0;4.4237166666666665;3.253982;0.0;NaN;0.0;894.4631818736362;202.8034847930304;3
vehicle_LEAD_Combustion_2;203;1097.2666666666667;1161.0;deliverShipment;1764056268;1000;0;4.4237166666666665;3.253982;0.0;NaN;0.0;1097.2666666666667;63.73333333333335;4
vehicle_LEAD_Combustion_2;10;1203.3393753212495;1204.3393753212495;pickupShipment;6068627214;1000;0;4.4237166666666665;5.370955;0.0;NaN;0.0;1203.3393753212495;1.0;D
vehicle_LEAD_Combustion_2;158;1204.3393753212495;1205.3393753212495;pickupShipment;6068627214;1000;0;4.4237166666666665;5.370955;0.0;NaN;0.0;1204.3393753212495;1.0;D
vehicle_LEAD_Combustion_2;66;1205.3393753212495;1206.3393753212495;pickupShipment;6068627214;1000;0;4.4237166666666665;5.370955;0.0;NaN;0.0;1205.3393753212495;1.0;D
vehicle_LEAD_Combustion_2;6;1206.3393753212495;1207.3393753212495;pickupShipment;6068627214;1000;0;4.4237166666666665;5.370955;0.0;NaN;0.0;1206.3393753212495;1.0;D
vehicle_LEAD_Combustion_2;11;1213.237943524113;1218.237943524113;deliverShipment;25312133;1000;0;4.4237166666666665;5.665884;0.0;NaN;0.0;1213.237943524113;5.0;1
vehicle_LEAD_Combustion_2;159;1218.237943524113;1235.3666666666666;deliverShipment;25312133;1000;0;4.4237166666666665;5.665884;0.0;NaN;0.0;1218.237943524113;17.128723142553554;2
vehicle_LEAD_Combustion_2;67;1237.730101939796;1242.730101939796;deliverShipment;6297154738;1000;0;4.4237166666666665;5.7840560000000005;0.0;NaN;0.0;1237.730101939796;5.0;3
vehicle_LEAD_Combustion_2;82;1250.9565654868688;1251.9565654868688;pickupShipment;6068627214;1000;0;4.4237166666666665;6.19538;0.0;NaN;0.0;1250.9565654868688;1.0;D
vehicle_LEAD_Combustion_2;264;1251.9565654868688;1252.9565654868688;pickupShipment;6068627214;1000;0;4.4237166666666665;6.19538;0.0;NaN;0.0;1251.9565654868688;1.0;D
vehicle_LEAD_Combustion_2;172;1252.9565654868688;1253.9565654868688;pickupShipment;6068627214;1000;0;4.4237166666666665;6.19538;0.0;NaN;0.0;1252.9565654868688;1.0;D
vehicle_LEAD_Combustion_2;7;1265.8710216579566;1270.8710216579566;deliverShipment;6970402910;1000;0;4.4237166666666665;6.791104;0.0;NaN;0.0;1265.8710216579566;5.0;1
vehicle_LEAD_Combustion_2;265;1271.5191203617592;1276.5191203617592;deliverShipment;5273358484;1000;0;4.4237166666666665;6.823509;0.0;NaN;0.0;1271.5191203617592;5.0;2
vehicle_LEAD_Combustion_2;83;1289.19393501213;1294.19393501213;deliverShipment;5947870991;1000;0;4.4237166666666665;7.457250999999999;0.0;NaN;0.0;1289.19393501213;5.0;3
vehicle_LEAD_Combustion_2;173;1296.6768700462599;1301.6768700462599;deliverShipment;5947870996;1000;0;4.4237166666666665;7.581397999999999;0.0;NaN;0.0;1296.6768700462599;5.0;4
vehicle_LEAD_Combustion_2;136;1304.6274041451916;1305.6274041451916;pickupShipment;6068627214;1000;0;4.4237166666666665;7.728924999999999;0.0;NaN;0.0;1304.6274041451916;1.0;D
vehicle_LEAD_Combustion_2;240;1305.6274041451916;1306.6274041451916;pickupShipment;6068627214;1000;0;4.4237166666666665;7.728924999999999;0.0;NaN;0.0;1305.6274041451916;1.0;D
vehicle_LEAD_Combustion_2;210;1306.6274041451916;1307.6274041451916;pickupShipment;6068627214;1000;0;4.4237166666666665;7.728924999999999;0.0;NaN;0.0;1306.6274041451916;1.0;D
vehicle_LEAD_Combustion_2;216;1307.6274041451916;1308.6274041451916;pickupShipment;6068627214;1000;0;4.4237166666666665;7.728924999999999;0.0;NaN;0.0;1307.6274041451916;1.0;D
vehicle_LEAD_Combustion_2;137;1312.268156863686;1317.268156863686;deliverShipment;25312137;1000;0;4.4237166666666665;7.910963;0.0;NaN;0.0;1312.268156863686;5.0;1
vehicle_LEAD_Combustion_2;146;1320.9089095821805;1321.9089095821805;pickupShipment;6068627214;1000;0;4.4237166666666665;8.093001;0.0;NaN;0.0;1320.9089095821805;1.0;D
vehicle_LEAD_Combustion_2;217;1339.0945952108093;1344.0945952108093;deliverShipment;6970402907;1000;0;4.4237166666666665;8.952286999999998;0.0;NaN;0.0;1339.0945952108093;5.0;1
vehicle_LEAD_Combustion_2;211;1348.9102655794686;1353.9102655794686;deliverShipment;2636357171;1000;0;4.4237166666666665;9.193070999999998;0.0;NaN;0.0;1348.9102655794686;5.0;2
vehicle_LEAD_Combustion_2;147;1360.4021925956147;1365.4021925956147;deliverShipment;7017492284;1000;0;4.4237166666666665;9.517667999999999;0.0;NaN;0.0;1360.4021925956147;5.0;3
vehicle_LEAD_Combustion_2;241;1373.8070957858083;1378.8070957858083;deliverShipment;2636357129;1000;0;4.4237166666666665;9.937914;0.0;NaN;0.0;1373.8070957858083;5.0;4
vehicle_LEAD_Combustion_2;-2;1395.5193423613152;0.0;end;6068627214;1000;0;4.4237166666666665;10.773527999999999;0.0;NaN;0.0;1395.5193423613152;-1395.5193423613152;end
vehicle_LEAD_Combustion_3;-1;0.0;0.0;start;6068627214;1000;0;4.4237166666666665;0.0;0.0;NaN;0.0;0.0;0.0;start
vehicle_LEAD_Combustion_3;214;0.0;1.0;pickupShipment;6068627214;1000;0;4.4237166666666665;0.0;0.0;NaN;0.0;0.0;1.0;D
vehicle_LEAD_Combustion_3;78;1.0;2.0;pickupShipment;6068627214;1000;0;4.4237166666666665;0.0;0.0;NaN;0.0;1.0;1.0;D
vehicle_LEAD_Combustion_3;12;2.0;3.0;pickupShipment;6068627214;1000;0;4.4237166666666665;0.0;0.0;NaN;0.0;2.0;1.0;D
vehicle_LEAD_Combustion_3;222;3.0;4.0;pickupShipment;6068627214;1000;0;4.4237166666666665;0.0;0.0;NaN;0.0;3.0;1.0;D
vehicle_LEAD_Combustion_3;215;5.2188775622448755;425.0;deliverShipment;5947847672;1000;0;4.4237166666666665;0.060944;0.0;NaN;0.0;5.2188775622448755;419.78112243775513;1
vehicle_LEAD_Combustion_3;206;426.21887756224487;427.21887756224487;pickupShipment;6068627214;1000;0;4.4237166666666665;0.121888;0.0;NaN;0.0;426.21887756224487;1.0;D
vehicle_LEAD_Combustion_3;223;436.8293183413633;441.8293183413633;deliverShipment;6399728612;1000;0;4.4237166666666665;0.6024109999999999;0.0;NaN;0.0;436.8293183413633;5.0;1
vehicle_LEAD_Combustion_3;13;444.9763320473359;449.9763320473359;deliverShipment;34815654;1000;0;4.4237166666666665;0.7597619999999999;0.0;NaN;0.0;444.9763320473359;5.0;2
vehicle_LEAD_Combustion_3;79;454.9229221541557;459.9229221541557;deliverShipment;5947847670;1000;0;4.4237166666666665;1.0070919999999999;0.0;NaN;0.0;454.9229221541557;5.0;3
vehicle_LEAD_Combustion_3;207;471.49291901416194;476.49291901416194;deliverShipment;6872884066;1000;0;4.4237166666666665;1.5855929999999998;0.0;NaN;0.0;471.49291901416194;5.0;4
vehicle_LEAD_Combustion_3;132;494.77468245063505;495.77468245063505;pickupShipment;6068627214;1000;0;4.4237166666666665;2.4996829999999997;0.0;NaN;0.0;494.77468245063505;1.0;D
vehicle_LEAD_Combustion_3;154;495.77468245063505;496.77468245063505;pickupShipment;6068627214;1000;0;4.4237166666666665;2.4996829999999997;0.0;NaN;0.0;495.77468245063505;1.0;D
vehicle_LEAD_Combustion_3;98;496.77468245063505;497.77468245063505;pickupShipment;6068627214;1000;0;4.4237166666666665;2.4996829999999997;0.0;NaN;0.0;496.77468245063505;1.0;D
vehicle_LEAD_Combustion_3;80;497.77468245063505;498.77468245063505;pickupShipment;6068627214;1000;0;4.4237166666666665;2.4996829999999997;0.0;NaN;0.0;497.77468245063505;1.0;D
vehicle_LEAD_Combustion_3;81;514.9396301207397;519.9396301207397;deliverShipment;2636357128;1000;0;4.4237166666666665;3.3079319999999997;0.0;NaN;0.0;514.9396301207397;5.0;1
vehicle_LEAD_Combustion_3;99;520.4869290261419;525.4869290261419;deliverShipment;2636357129;1000;0;4.4237166666666665;3.3352969999999997;0.0;NaN;0.0;520.4869290261419;5.0;2
vehicle_LEAD_Combustion_3;160;542.1991756016487;543.1991756016487;pickupShipment;6068627214;1000;0;4.4237166666666665;4.170911;0.0;NaN;0.0;542.1991756016487;1.0;D
vehicle_LEAD_Combustion_3;228;543.1991756016487;544.1991756016487;pickupShipment;6068627214;1000;0;4.4237166666666665;4.170911;0.0;NaN;0.0;543.1991756016487;1.0;D
vehicle_LEAD_Combustion_3;229;550.0977438045122;555.0977438045122;deliverShipment;25312133;1000;0;4.4237166666666665;4.46584;0.0;NaN;0.0;550.0977438045122;5.0;1
vehicle_LEAD_Combustion_3;133;555.0977438045122;560.0977438045122;deliverShipment;25312133;1000;0;4.4237166666666665;4.46584;0.0;NaN;0.0;555.0977438045122;5.0;2
vehicle_LEAD_Combustion_3;16;565.9963120073758;566.9963120073758;pickupShipment;6068627214;1000;0;4.4237166666666665;4.760769;0.0;NaN;0.0;565.9963120073758;1.0;D
vehicle_LEAD_Combustion_3;46;566.9963120073758;567.9963120073758;pickupShipment;6068627214;1000;0;4.4237166666666665;4.760769;0.0;NaN;0.0;566.9963120073758;1.0;D
vehicle_LEAD_Combustion_3;161;574.4622590754816;579.4622590754816;deliverShipment;5947847663;1000;0;4.4237166666666665;5.084067;0.0;NaN;0.0;574.4622590754816;5.0;1
vehicle_LEAD_Combustion_3;17;582.314333371333;587.314333371333;deliverShipment;5947847658;1000;0;4.4237166666666665;5.2266710000000005;0.0;NaN;0.0;582.314333371333;5.0;2
vehicle_LEAD_Combustion_3;155;587.314333371333;592.314333371333;deliverShipment;5947847658;1000;0;4.4237166666666665;5.2266710000000005;0.0;NaN;0.0;587.314333371333;5.0;3
vehicle_LEAD_Combustion_3;47;598.5241409517178;603.5241409517178;deliverShipment;1489524505;1000;0;4.4237166666666665;5.537162;0.0;NaN;0.0;598.5241409517178;5.0;4
vehicle_LEAD_Combustion_3;38;618.8997902004193;619.8997902004193;pickupShipment;6068627214;1000;0;4.4237166666666665;6.3059460000000005;0.0;NaN;0.0;618.8997902004193;1.0;D
vehicle_LEAD_Combustion_3;110;619.8997902004193;620.8997902004193;pickupShipment;6068627214;1000;0;4.4237166666666665;6.3059460000000005;0.0;NaN;0.0;619.8997902004193;1.0;D
vehicle_LEAD_Combustion_3;266;620.8997902004193;621.8997902004193;pickupShipment;6068627214;1000;0;4.4237166666666665;6.3059460000000005;0.0;NaN;0.0;620.8997902004193;1.0;D
vehicle_LEAD_Combustion_3;142;621.8997902004193;622.8997902004193;pickupShipment;6068627214;1000;0;4.4237166666666665;6.3059460000000005;0.0;NaN;0.0;621.8997902004193;1.0;D
vehicle_LEAD_Combustion_3;39;635.9505640988715;640.9505640988715;deliverShipment;2170533264;1000;0;4.4237166666666665;6.958486000000001;0.0;NaN;0.0;635.9505640988715;5.0;1
vehicle_LEAD_Combustion_3;267;643.0294199411599;648.0294199411599;deliverShipment;4574272247;1000;0;4.4237166666666665;7.062429000000001;0.0;NaN;0.0;643.0294199411599;5.0;2
vehicle_LEAD_Combustion_3;143;648.0294199411599;653.0294199411599;deliverShipment;4574272247;1000;0;4.4237166666666665;7.062429000000001;0.0;NaN;0.0;648.0294199411599;5.0;3
vehicle_LEAD_Combustion_3;111;653.9480181039635;658.9480181039635;deliverShipment;2170533263;1000;0;4.4237166666666665;7.108359000000001;0.0;NaN;0.0;653.9480181039635;5.0;4
vehicle_LEAD_Combustion_3;62;670.8385343229311;671.8385343229311;pickupShipment;6068627214;1000;0;4.4237166666666665;7.702886000000001;0.0;NaN;0.0;670.8385343229311;1.0;D
vehicle_LEAD_Combustion_3;104;671.8385343229311;672.8385343229311;pickupShipment;6068627214;1000;0;4.4237166666666665;7.702886000000001;0.0;NaN;0.0;671.8385343229311;1.0;D
vehicle_LEAD_Combustion_3;126;672.8385343229311;673.8385343229311;pickupShipment;6068627214;1000;0;4.4237166666666665;7.702886000000001;0.0;NaN;0.0;672.8385343229311;1.0;D
vehicle_LEAD_Combustion_3;226;673.8385343229311;674.8385343229311;pickupShipment;6068627214;1000;0;4.4237166666666665;7.702886000000001;0.0;NaN;0.0;673.8385343229311;1.0;D
vehicle_LEAD_Combustion_3;63;693.7124365751266;698.7124365751266;deliverShipment;5947847653;1000;0;4.4237166666666665;8.646583000000001;0.0;NaN;0.0;693.7124365751266;5.0;1
vehicle_LEAD_Combustion_3;127;701.8576302847392;706.8576302847392;deliverShipment;277645033;1000;0;4.4237166666666665;8.803843000000002;0.0;NaN;0.0;701.8576302847392;5.0;2
vehicle_LEAD_Combustion_3;227;706.8576302847392;711.8576302847392;deliverShipment;277645033;1000;0;4.4237166666666665;8.803843000000002;0.0;NaN;0.0;706.8576302847392;5.0;3
vehicle_LEAD_Combustion_3;105;713.7317065365867;718.7317065365867;deliverShipment;5947847652;1000;0;4.4237166666666665;8.897547000000003;0.0;NaN;0.0;713.7317065365867;5.0;4
vehicle_LEAD_Combustion_3;180;736.334491331017;737.334491331017;pickupShipment;6068627214;1000;0;4.4237166666666665;9.777688000000003;0.0;NaN;0.0;736.334491331017;1.0;D
vehicle_LEAD_Combustion_3;48;737.334491331017;738.334491331017;pickupShipment;6068627214;1000;0;4.4237166666666665;9.777688000000003;0.0;NaN;0.0;737.334491331017;1.0;D
vehicle_LEAD_Combustion_3;252;738.334491331017;739.334491331017;pickupShipment;6068627214;1000;0;4.4237166666666665;9.777688000000003;0.0;NaN;0.0;738.334491331017;1.0;D
vehicle_LEAD_Combustion_3;76;739.334491331017;740.334491331017;pickupShipment;6068627214;1000;0;4.4237166666666665;9.777688000000003;0.0;NaN;0.0;739.334491331017;1.0;D
vehicle_LEAD_Combustion_3;181;748.309115381769;776.5833333333334;deliverShipment;6297154743;1000;0;4.4237166666666665;10.176420000000004;0.0;NaN;0.0;748.309115381769;28.274217951564424;1
vehicle_LEAD_Combustion_3;253;779.1872881254238;784.1872881254238;deliverShipment;7363009585;1000;0;4.4237166666666665;10.306618000000004;0.0;NaN;0.0;779.1872881254238;5.0;2
vehicle_LEAD_Combustion_3;77;784.7680469639062;789.7680469639062;deliverShipment;7363009587;1000;0;4.4237166666666665;10.335656000000004;0.0;NaN;0.0;784.7680469639062;5.0;3
vehicle_LEAD_Combustion_3;49;789.7680469639062;845.1833333333333;deliverShipment;7363009587;1000;0;4.4237166666666665;10.335656000000004;0.0;NaN;0.0;789.7680469639062;55.41528636942712;4
vehicle_LEAD_Combustion_3;140;855.9476918046163;856.9476918046163;pickupShipment;6068627214;1000;0;4.4237166666666665;10.873875000000004;0.0;NaN;0.0;855.9476918046163;1.0;D
vehicle_LEAD_Combustion_3;218;856.9476918046163;857.9476918046163;pickupShipment;6068627214;1000;0;4.4237166666666665;10.873875000000004;0.0;NaN;0.0;856.9476918046163;1.0;D
vehicle_LEAD_Combustion_3;198;857.9476918046163;858.9476918046163;pickupShipment;6068627214;1000;0;4.4237166666666665;10.873875000000004;0.0;NaN;0.0;857.9476918046163;1.0;D
vehicle_LEAD_Combustion_3;166;858.9476918046163;859.9476918046163;pickupShipment;6068627214;1000;0;4.4237166666666665;10.873875000000004;0.0;NaN;0.0;858.9476918046163;1.0;D
vehicle_LEAD_Combustion_3;141;874.6997223005553;1017.4666666666667;deliverShipment;1384090139;1000;0;4.4237166666666665;11.611478000000004;0.0;NaN;0.0;874.6997223005553;142.76694436611137;1
vehicle_LEAD_Combustion_3;219;1037.031487537025;1042.031487537025;deliverShipment;2770600417;1000;0;4.4237166666666665;12.589721000000004;0.0;NaN;0.0;1037.031487537025;5.0;2
vehicle_LEAD_Combustion_3;199;1042.031487537025;1102.1333333333334;deliverShipment;2770600417;1000;0;4.4237166666666665;12.589721000000004;0.0;NaN;0.0;1042.031487537025;60.10184579630845;3
vehicle_LEAD_Combustion_3;167;1116.0903254193493;1121.0903254193493;deliverShipment;6855610536;1000;0;4.4237166666666665;13.287572000000004;0.0;NaN;0.0;1116.0903254193493;5.0;4
vehicle_LEAD_Combustion_3;68;1144.4171387657225;1145.4171387657225;pickupShipment;6068627214;1000;0;4.4237166666666665;14.453915000000004;0.0;NaN;0.0;1144.4171387657225;1.0;D
vehicle_LEAD_Combustion_3;194;1145.4171387657225;1146.4171387657225;pickupShipment;6068627214;1000;0;4.4237166666666665;14.453915000000004;0.0;NaN;0.0;1145.4171387657225;1.0;D
vehicle_LEAD_Combustion_3;42;1146.4171387657225;1147.4171387657225;pickupShipment;6068627214;1000;0;4.4237166666666665;14.453915000000004;0.0;NaN;0.0;1146.4171387657225;1.0;D
vehicle_LEAD_Combustion_3;96;1147.4171387657225;1148.4171387657225;pickupShipment;6068627214;1000;0;4.4237166666666665;14.453915000000004;0.0;NaN;0.0;1147.4171387657225;1.0;D
vehicle_LEAD_Combustion_3;69;1155.7140841718317;1160.7140841718317;deliverShipment;4574272245;1000;0;4.4237166666666665;14.818763000000004;0.0;NaN;0.0;1155.7140841718317;5.0;1
vehicle_LEAD_Combustion_3;195;1162.265961068078;1167.265961068078;deliverShipment;4574272246;1000;0;4.4237166666666665;14.896357000000004;0.0;NaN;0.0;1162.265961068078;5.0;2
vehicle_LEAD_Combustion_3;43;1167.265961068078;1172.265961068078;deliverShipment;4574272246;1000;0;4.4237166666666665;14.896357000000004;0.0;NaN;0.0;1167.265961068078;5.0;3
vehicle_LEAD_Combustion_3;97;1172.265961068078;1177.265961068078;deliverShipment;4574272246;1000;0;4.4237166666666665;14.896357000000004;0.0;NaN;0.0;1172.265961068078;5.0;4
vehicle_LEAD_Combustion_3;34;1186.1147833704333;1187.1147833704333;pickupShipment;6068627214;1000;0;4.4237166666666665;15.338799000000003;0.0;NaN;0.0;1186.1147833704333;1.0;D
vehicle_LEAD_Combustion_3;58;1187.1147833704333;1188.1147833704333;pickupShipment;6068627214;1000;0;4.4237166666666665;15.338799000000003;0.0;NaN;0.0;1187.1147833704333;1.0;D
vehicle_LEAD_Combustion_3;262;1188.1147833704333;1189.1147833704333;pickupShipment;6068627214;1000;0;4.4237166666666665;15.338799000000003;0.0;NaN;0.0;1188.1147833704333;1.0;D
vehicle_LEAD_Combustion_3;120;1189.1147833704333;1190.1147833704333;pickupShipment;6068627214;1000;0;4.4237166666666665;15.338799000000003;0.0;NaN;0.0;1189.1147833704333;1.0;D
vehicle_LEAD_Combustion_3;263;1206.9754496491007;1211.9754496491007;deliverShipment;6970402908;1000;0;4.4237166666666665;16.181834000000002;0.0;NaN;0.0;1206.9754496491007;5.0;1
vehicle_LEAD_Combustion_3;35;1216.045801508397;1221.045801508397;deliverShipment;2244092199;1000;0;4.4237166666666665;16.385352;0.0;NaN;0.0;1216.045801508397;5.0;2
vehicle_LEAD_Combustion_3;59;1224.0024555950888;1229.0024555950888;deliverShipment;27503216;1000;0;4.4237166666666665;16.533185;0.0;NaN;0.0;1224.0024555950888;5.0;3
vehicle_LEAD_Combustion_3;121;1229.0024555950888;1234.0024555950888;deliverShipment;27503216;1000;0;4.4237166666666665;16.533185;0.0;NaN;0.0;1229.0024555950888;5.0;4
vehicle_LEAD_Combustion_3;168;1254.553334493331;1255.553334493331;pickupShipment;6068627214;1000;0;4.4237166666666665;17.560731;0.0;NaN;0.0;1254.553334493331;1.0;D
vehicle_LEAD_Combustion_3;44;1255.553334493331;1256.553334493331;pickupShipment;6068627214;1000;0;4.4237166666666665;17.560731;0.0;NaN;0.0;1255.553334493331;1.0;D
vehicle_LEAD_Combustion_3;250;1256.553334493331;1257.553334493331;pickupShipment;6068627214;1000;0;4.4237166666666665;17.560731;0.0;NaN;0.0;1256.553334493331;1.0;D
vehicle_LEAD_Combustion_3;178;1257.553334493331;1258.553334493331;pickupShipment;6068627214;1000;0;4.4237166666666665;17.560731;0.0;NaN;0.0;1257.553334493331;1.0;D
vehicle_LEAD_Combustion_3;169;1274.289143021714;1279.289143021714;deliverShipment;6175361290;1000;0;4.4237166666666665;18.347523;0.0;NaN;0.0;1274.289143021714;5.0;1
vehicle_LEAD_Combustion_3;45;1289.021563556873;1294.021563556873;deliverShipment;6921021581;1000;0;4.4237166666666665;18.834145;0.0;NaN;0.0;1289.021563556873;5.0;2
vehicle_LEAD_Combustion_3;251;1294.021563556873;1299.021563556873;deliverShipment;6921021581;1000;0;4.4237166666666665;18.834145;0.0;NaN;0.0;1294.021563556873;5.0;3
vehicle_LEAD_Combustion_3;179;1300.2498811002379;1305.2498811002379;deliverShipment;6921021577;1000;0;4.4237166666666665;18.895561;0.0;NaN;0.0;1300.2498811002379;5.0;4
vehicle_LEAD_Combustion_3;-2;1318.019975560049;0.0;end;6068627214;1000;0;4.4237166666666665;19.534067;0.0;NaN;0.0;1318.019975560049;-1318.019975560049;end
vehicle_LEAD_Combustion_4;-1;0.0;0.0;start;6068627214;1000;0;4.4237166666666665;0.0;0.0;NaN;0.0;0.0;0.0;start
vehicle_LEAD_Combustion_4;152;0.0;1.0;pickupShipment;6068627214;1000;0;4.4237166666666665;0.0;0.0;NaN;0.0;0.0;1.0;D
vehicle_LEAD_Combustion_4;242;1.0;2.0;pickupShipment;6068627214;1000;0;4.4237166666666665;0.0;0.0;NaN;0.0;1.0;1.0;D
vehicle_LEAD_Combustion_4;190;2.0;3.0;pickupShipment;6068627214;1000;0;4.4237166666666665;0.0;0.0;NaN;0.0;2.0;1.0;D
vehicle_LEAD_Combustion_4;164;3.0;4.0;pickupShipment;6068627214;1000;0;4.4237166666666665;0.0;0.0;NaN;0.0;3.0;1.0;D
vehicle_LEAD_Combustion_4;243;21.015405969188063;425.0;deliverShipment;6970402888;1000;0;4.4237166666666665;0.8507720000000001;0.0;NaN;0.0;21.015405969188063;403.98459403081193;1
vehicle_LEAD_Combustion_4;191;425.0;430.0;deliverShipment;6970402888;1000;0;4.4237166666666665;0.8507720000000001;0.0;NaN;0.0;425.0;5.0;2
vehicle_LEAD_Combustion_4;165;433.39207321585354;438.39207321585354;deliverShipment;27503208;1000;0;4.4237166666666665;1.0203760000000002;0.0;NaN;0.0;433.39207321585354;5.0;3
vehicle_LEAD_Combustion_4;174;453.5982428035144;454.5982428035144;pickupShipment;6068627214;1000;0;4.4237166666666665;1.7806860000000002;0.0;NaN;0.0;453.5982428035144;1.0;D
vehicle_LEAD_Combustion_4;224;454.5982428035144;455.5982428035144;pickupShipment;6068627214;1000;0;4.4237166666666665;1.7806860000000002;0.0;NaN;0.0;454.5982428035144;1.0;D
vehicle_LEAD_Combustion_4;236;455.5982428035144;456.5982428035144;pickupShipment;6068627214;1000;0;4.4237166666666665;1.7806860000000002;0.0;NaN;0.0;455.5982428035144;1.0;D
vehicle_LEAD_Combustion_4;225;473.507588984822;478.507588984822;deliverShipment;34815654;1000;0;4.4237166666666665;2.6261550000000002;0.0;NaN;0.0;473.507588984822;5.0;1
vehicle_LEAD_Combustion_4;153;478.507588984822;1123.1;deliverShipment;34815654;1000;0;4.4237166666666665;2.6261550000000002;0.0;NaN;0.0;478.507588984822;644.592411015178;2
vehicle_LEAD_Combustion_4;237;1132.8219605560787;1137.8219605560787;deliverShipment;25312123;1000;0;4.4237166666666665;3.112254;0.0;NaN;0.0;1132.8219605560787;5.0;3
vehicle_LEAD_Combustion_4;56;1146.7256227487544;1147.7256227487544;pickupShipment;6068627214;1000;0;4.4237166666666665;3.557438;0.0;NaN;0.0;1146.7256227487544;1.0;D
vehicle_LEAD_Combustion_4;212;1147.7256227487544;1148.7256227487544;pickupShipment;6068627214;1000;0;4.4237166666666665;3.557438;0.0;NaN;0.0;1147.7256227487544;1.0;D
vehicle_LEAD_Combustion_4;114;1148.7256227487544;1149.7256227487544;pickupShipment;6068627214;1000;0;4.4237166666666665;3.557438;0.0;NaN;0.0;1148.7256227487544;1.0;D
vehicle_LEAD_Combustion_4;115;1164.5530930938137;1169.5530930938137;deliverShipment;33257059;1000;0;4.4237166666666665;4.298813;0.0;NaN;0.0;1164.5530930938137;5.0;1
vehicle_LEAD_Combustion_4;57;1173.65268489463;1178.65268489463;deliverShipment;33257061;1000;0;4.4237166666666665;4.503793;0.0;NaN;0.0;1173.65268489463;5.0;2
vehicle_LEAD_Combustion_4;175;1182.7522766954464;1187.7522766954464;deliverShipment;33257059;1000;0;4.4237166666666665;4.708773;0.0;NaN;0.0;1182.7522766954464;5.0;3
vehicle_LEAD_Combustion_4;213;1193.6760848478302;1198.6760848478302;deliverShipment;25312123;1000;0;4.4237166666666665;5.004964;0.0;NaN;0.0;1193.6760848478302;5.0;4
vehicle_LEAD_Combustion_4;176;1207.579747040506;1208.579747040506;pickupShipment;6068627214;1000;0;4.4237166666666665;5.450148;0.0;NaN;0.0;1207.579747040506;1.0;D
vehicle_LEAD_Combustion_4;92;1208.579747040506;1209.579747040506;pickupShipment;6068627214;1000;0;4.4237166666666665;5.450148;0.0;NaN;0.0;1208.579747040506;1.0;D
vehicle_LEAD_Combustion_4;182;1209.579747040506;1210.579747040506;pickupShipment;6068627214;1000;0;4.4237166666666665;5.450148;0.0;NaN;0.0;1209.579747040506;1.0;D
vehicle_LEAD_Combustion_4;186;1210.579747040506;1211.579747040506;pickupShipment;6068627214;1000;0;4.4237166666666665;5.450148;0.0;NaN;0.0;1210.579747040506;1.0;D
vehicle_LEAD_Combustion_4;177;1213.853542492915;1218.853542492915;deliverShipment;7650369684;1000;0;4.4237166666666665;5.5638380000000005;0.0;NaN;0.0;1213.853542492915;5.0;1
vehicle_LEAD_Combustion_4;108;1221.1273379453241;1222.1273379453241;pickupShipment;6068627214;1000;0;4.4237166666666665;5.677528000000001;0.0;NaN;0.0;1221.1273379453241;1.0;D
vehicle_LEAD_Combustion_4;109;1228.0259061481877;1233.0259061481877;deliverShipment;25312133;1000;0;4.4237166666666665;5.972457;0.0;NaN;0.0;1228.0259061481877;5.0;1
vehicle_LEAD_Combustion_4;187;1235.0394421211158;1240.0394421211158;deliverShipment;5947847666;1000;0;4.4237166666666665;6.0731340000000005;0.0;NaN;0.0;1235.0394421211158;5.0;2
vehicle_LEAD_Combustion_4;116;1245.5485711028577;1246.5485711028577;pickupShipment;6068627214;1000;0;4.4237166666666665;6.348591000000001;0.0;NaN;0.0;1245.5485711028577;1.0;D
vehicle_LEAD_Combustion_4;130;1246.5485711028577;1247.5485711028577;pickupShipment;6068627214;1000;0;4.4237166666666665;6.348591000000001;0.0;NaN;0.0;1246.5485711028577;1.0;D
vehicle_LEAD_Combustion_4;117;1269.8440865118268;1274.8440865118268;deliverShipment;4732532621;1000;0;4.4237166666666665;7.463369;0.0;NaN;0.0;1269.8440865118268;5.0;1
vehicle_LEAD_Combustion_4;183;1277.9629602740793;1282.9629602740793;deliverShipment;1581680176;1000;0;4.4237166666666665;7.619313;0.0;NaN;0.0;1277.9629602740793;5.0;2
vehicle_LEAD_Combustion_4;131;1283.1348999302;1288.1348999302;deliverShipment;16564347;1000;0;4.4237166666666665;7.62791;0.0;NaN;0.0;1283.1348999302;5.0;3
vehicle_LEAD_Combustion_4;93;1291.0782740434518;1296.0782740434518;deliverShipment;16564356;1000;0;4.4237166666666665;7.775079;0.0;NaN;0.0;1291.0782740434518;5.0;4
vehicle_LEAD_Combustion_4;36;1313.8643784712428;1314.8643784712428;pickupShipment;6068627214;1000;0;4.4237166666666665;8.664386;0.0;NaN;0.0;1313.8643784712428;1.0;D
vehicle_LEAD_Combustion_4;232;1314.8643784712428;1315.8643784712428;pickupShipment;6068627214;1000;0;4.4237166666666665;8.664386;0.0;NaN;0.0;1314.8643784712428;1.0;D
vehicle_LEAD_Combustion_4;246;1315.8643784712428;1316.8643784712428;pickupShipment;6068627214;1000;0;4.4237166666666665;8.664386;0.0;NaN;0.0;1315.8643784712428;1.0;D
vehicle_LEAD_Combustion_4;118;1316.8643784712428;1317.8643784712428;pickupShipment;6068627214;1000;0;4.4237166666666665;8.664386;0.0;NaN;0.0;1316.8643784712428;1.0;D
vehicle_LEAD_Combustion_4;233;1326.7132007735981;1331.7132007735981;deliverShipment;4574272246;1000;0;4.4237166666666665;9.106828;0.0;NaN;0.0;1326.7132007735981;5.0;1
vehicle_LEAD_Combustion_4;247;1331.7132007735981;1336.7132007735981;deliverShipment;4574272246;1000;0;4.4237166666666665;9.106828;0.0;NaN;0.0;1331.7132007735981;5.0;2
vehicle_LEAD_Combustion_4;8;1345.5620230759534;1346.5620230759534;pickupShipment;6068627214;1000;0;4.4237166666666665;9.54927;0.0;NaN;0.0;1345.5620230759534;1.0;D
vehicle_LEAD_Combustion_4;90;1346.5620230759534;1347.5620230759534;pickupShipment;6068627214;1000;0;4.4237166666666665;9.54927;0.0;NaN;0.0;1346.5620230759534;1.0;D
vehicle_LEAD_Combustion_4;91;1356.9008043983908;1361.9008043983908;deliverShipment;5947847660;1000;0;4.4237166666666665;10.01621;0.0;NaN;0.0;1356.9008043983908;5.0;1
vehicle_LEAD_Combustion_4;37;1361.9008043983908;1366.9008043983908;deliverShipment;5947847660;1000;0;4.4237166666666665;10.01621;0.0;NaN;0.0;1361.9008043983908;5.0;2
vehicle_LEAD_Combustion_4;119;1371.465055269889;1376.465055269889;deliverShipment;25312126;1000;0;4.4237166666666665;10.244423;0.0;NaN;0.0;1371.465055269889;5.0;3
vehicle_LEAD_Combustion_4;9;1376.465055269889;1381.465055269889;deliverShipment;25312126;1000;0;4.4237166666666665;10.244423;0.0;NaN;0.0;1376.465055269889;5.0;4
vehicle_LEAD_Combustion_4;-2;1395.1743878512239;0.0;end;6068627214;1000;0;4.4237166666666665;10.929891;0.0;NaN;0.0;1395.1743878512239;-1395.1743878512239;end
