vehicle_id;activity_index;arrival_time;end_time;name;location_id;iterations;unassigned_jobs;runtime;distance
vehicle_LEAD_Combustion_2;-1;0.0;0.0;start;6068627214;1000;0;5.865383333333333;0.0;0.0;NaN;0.0;0.0;0.0;start
vehicle_LEAD_Combustion_2;180;0.0;1.0;pickupShipment;6068627214;1000;0;5.865383333333333;0.0;0.0;NaN;0.0;0.0;1.0;D
vehicle_LEAD_Combustion_2;112;1.0;2.0;pickupShipment;6068627214;1000;0;5.865383333333333;0.0;0.0;NaN;0.0;1.0;1.0;D
vehicle_LEAD_Combustion_2;58;2.0;3.0;pickupShipment;6068627214;1000;0;5.865383333333333;0.0;0.0;NaN;0.0;2.0;1.0;D
vehicle_LEAD_Combustion_2;14;3.0;4.0;pickupShipment;6068627214;1000;0;5.865383333333333;0.0;0.0;NaN;0.0;3.0;1.0;D
vehicle_LEAD_Combustion_2;181;9.898568202863594;425.0;deliverShipment;25312133;1000;0;5.865383333333333;0.294929;0.0;NaN;0.0;9.898568202863594;415.1014317971364;1
vehicle_LEAD_Combustion_2;113;427.10889578220844;432.10889578220844;deliverShipment;6297154743;1000;0;5.865383333333333;0.400374;0.0;NaN;0.0;427.10889578220844;5.0;2
vehicle_LEAD_Combustion_2;59;432.10889578220844;437.10889578220844;deliverShipment;6297154743;1000;0;5.865383333333333;0.400374;0.0;NaN;0.0;432.10889578220844;5.0;3
vehicle_LEAD_Combustion_2;15;444.2361615276769;449.2361615276769;deliverShipment;5947881169;1000;0;5.865383333333333;0.7567379999999999;0.0;NaN;0.0;444.2361615276769;5.0;4
vehicle_LEAD_Combustion_2;6;458.3826432347135;459.3826432347135;pickupShipment;6068627214;1000;0;5.865383333333333;1.214063;0.0;NaN;0.0;458.3826432347135;1.0;D
vehicle_LEAD_Combustion_2;92;459.3826432347135;460.3826432347135;pickupShipment;6068627214;1000;0;5.865383333333333;1.214063;0.0;NaN;0.0;459.3826432347135;1.0;D
vehicle_LEAD_Combustion_2;224;460.3826432347135;461.3826432347135;pickupShipment;6068627214;1000;0;5.865383333333333;1.214063;0.0;NaN;0.0;460.3826432347135;1.0;D
vehicle_LEAD_Combustion_2;44;461.3826432347135;462.3826432347135;pickupShipment;6068627214;1000;0;5.865383333333333;1.214063;0.0;NaN;0.0;461.3826432347135;1.0;D
vehicle_LEAD_Combustion_2;7;475.1527376945246;480.1527376945246;deliverShipment;6921021577;1000;0;5.865383333333333;1.852569;0.0;NaN;0.0;475.1527376945246;5.0;1
vehicle_LEAD_Combustion_2;225;483.4410111179778;488.4410111179778;deliverShipment;6921021576;1000;0;5.865383333333333;2.0169829999999997;0.0;NaN;0.0;483.4410111179778;5.0;2
vehicle_LEAD_Combustion_2;93;488.4410111179778;493.4410111179778;deliverShipment;6921021576;1000;0;5.865383333333333;2.0169829999999997;0.0;NaN;0.0;488.4410111179778;5.0;3
vehicle_LEAD_Combustion_2;54;509.47609904780194;510.47609904780194;pickupShipment;6068627214;1000;0;5.865383333333333;2.818739;0.0;NaN;0.0;509.47609904780194;1.0;D
vehicle_LEAD_Combustion_2;192;510.47609904780194;511.47609904780194;pickupShipment;6068627214;1000;0;5.865383333333333;2.818739;0.0;NaN;0.0;510.47609904780194;1.0;D
vehicle_LEAD_Combustion_2;193;520.6128807742385;525.6128807742385;deliverShipment;5947847657;1000;0;5.865383333333333;3.2755789999999996;0.0;NaN;0.0;520.6128807742385;5.0;1
vehicle_LEAD_Combustion_2;55;528.0886158227685;533.0886158227685;deliverShipment;5947847669;1000;0;5.865383333333333;3.3993659999999997;0.0;NaN;0.0;528.0886158227685;5.0;2
vehicle_LEAD_Combustion_2;118;539.7496625006751;540.7496625006751;pickupShipment;6068627214;1000;0;5.865383333333333;3.7324189999999997;0.0;NaN;0.0;539.7496625006751;1.0;D
vehicle_LEAD_Combustion_2;278;540.7496625006751;541.7496625006751;pickupShipment;6068627214;1000;0;5.865383333333333;3.7324189999999997;0.0;NaN;0.0;540.7496625006751;1.0;D
vehicle_LEAD_Combustion_2;132;541.7496625006751;542.7496625006751;pickupShipment;6068627214;1000;0;5.865383333333333;3.7324189999999997;0.0;NaN;0.0;541.7496625006751;1.0;D
vehicle_LEAD_Combustion_2;119;551.5984848030305;556.5984848030305;deliverShipment;4574272246;1000;0;5.865383333333333;4.174861;0.0;NaN;0.0;551.5984848030305;5.0;1
vehicle_LEAD_Combustion_2;279;556.5984848030305;561.5984848030305;deliverShipment;4574272246;1000;0;5.865383333333333;4.174861;0.0;NaN;0.0;556.5984848030305;5.0;2
vehicle_LEAD_Combustion_2;133;563.96916006168;568.96916006168;deliverShipment;5947847671;1000;0;5.865383333333333;4.293395;0.0;NaN;0.0;563.96916006168;5.0;3
vehicle_LEAD_Combustion_2;36;575.6168467663066;576.6168467663066;pickupShipment;6068627214;1000;0;5.865383333333333;4.625780000000001;0.0;NaN;0.0;575.6168467663066;1.0;D
vehicle_LEAD_Combustion_2;284;576.6168467663066;577.6168467663066;pickupShipment;6068627214;1000;0;5.865383333333333;4.625780000000001;0.0;NaN;0.0;576.6168467663066;1.0;D
vehicle_LEAD_Combustion_2;84;577.6168467663066;578.6168467663066;pickupShipment;6068627214;1000;0;5.865383333333333;4.625780000000001;0.0;NaN;0.0;577.6168467663066;1.0;D
vehicle_LEAD_Combustion_2;285;579.8357243285515;584.8357243285515;deliverShipment;5947847672;1000;0;5.865383333333333;4.686724000000001;0.0;NaN;0.0;579.8357243285515;5.0;1
vehicle_LEAD_Combustion_2;85;587.4075791848418;592.4075791848418;deliverShipment;5947847668;1000;0;5.865383333333333;4.815317000000001;0.0;NaN;0.0;587.4075791848418;5.0;2
vehicle_LEAD_Combustion_2;37;595.8466123067756;600.8466123067756;deliverShipment;5947871000;1000;0;5.865383333333333;4.987269000000001;0.0;NaN;0.0;595.8466123067756;5.0;3
vehicle_LEAD_Combustion_2;164;602.8466683066636;603.8466683066636;pickupShipment;6068627214;1000;0;5.865383333333333;5.087272000000001;0.0;NaN;0.0;602.8466683066636;1.0;D
vehicle_LEAD_Combustion_2;276;603.8466683066636;604.8466683066636;pickupShipment;6068627214;1000;0;5.865383333333333;5.087272000000001;0.0;NaN;0.0;603.8466683066636;1.0;D
vehicle_LEAD_Combustion_2;246;604.8466683066636;605.8466683066636;pickupShipment;6068627214;1000;0;5.865383333333333;5.087272000000001;0.0;NaN;0.0;604.8466683066636;1.0;D
vehicle_LEAD_Combustion_2;45;626.4332871334259;631.4332871334259;deliverShipment;6109991842;1000;0;5.865383333333333;6.116605000000002;0.0;NaN;0.0;626.4332871334259;5.0;1
vehicle_LEAD_Combustion_2;165;632.8185843628314;637.8185843628314;deliverShipment;958117975;1000;0;5.865383333333333;6.185870000000001;0.0;NaN;0.0;632.8185843628314;5.0;2
vehicle_LEAD_Combustion_2;277;640.462819074362;645.462819074362;deliverShipment;1581680176;1000;0;5.865383333333333;6.318082000000001;0.0;NaN;0.0;640.462819074362;5.0;3
vehicle_LEAD_Combustion_2;247;645.462819074362;650.462819074362;deliverShipment;1581680176;1000;0;5.865383333333333;6.318082000000001;0.0;NaN;0.0;645.462819074362;5.0;4
vehicle_LEAD_Combustion_2;126;672.3083753832493;673.3083753832493;pickupShipment;6068627214;1000;0;5.865383333333333;7.410362000000001;0.0;NaN;0.0;672.3083753832493;1.0;D
vehicle_LEAD_Combustion_2;127;673.3083753832493;678.3083753832493;deliverShipment;6068627214;1000;0;5.865383333333333;7.410362000000001;0.0;NaN;0.0;673.3083753832493;5.0;1
vehicle_LEAD_Combustion_2;88;678.3083753832493;679.3083753832493;pickupShipment;6068627214;1000;0;5.865383333333333;7.410362000000001;0.0;NaN;0.0;678.3083753832493;1.0;D
vehicle_LEAD_Combustion_2;38;679.3083753832493;680.3083753832493;pickupShipment;6068627214;1000;0;5.865383333333333;7.410362000000001;0.0;NaN;0.0;679.3083753832493;1.0;D
vehicle_LEAD_Combustion_2;100;680.3083753832493;681.3083753832493;pickupShipment;6068627214;1000;0;5.865383333333333;7.410362000000001;0.0;NaN;0.0;680.3083753832493;1.0;D
vehicle_LEAD_Combustion_2;254;681.3083753832493;682.3083753832493;pickupShipment;6068627214;1000;0;5.865383333333333;7.410362000000001;0.0;NaN;0.0;681.3083753832493;1.0;D
vehicle_LEAD_Combustion_2;89;687.2436855126291;692.2436855126291;deliverShipment;35678668;1000;0;5.865383333333333;7.657128000000001;0.0;NaN;0.0;687.2436855126291;5.0;1
vehicle_LEAD_Combustion_2;39;693.2939634120733;698.2939634120733;deliverShipment;5947847666;1000;0;5.865383333333333;7.709642000000001;0.0;NaN;0.0;693.2939634120733;5.0;2
vehicle_LEAD_Combustion_2;101;700.9077181845637;705.9077181845637;deliverShipment;5947847663;1000;0;5.865383333333333;7.840330000000002;0.0;NaN;0.0;700.9077181845637;5.0;3
vehicle_LEAD_Combustion_2;255;708.5785528428944;713.5785528428944;deliverShipment;5947847657;1000;0;5.865383333333333;7.973872000000002;0.0;NaN;0.0;708.5785528428944;5.0;4
vehicle_LEAD_Combustion_2;104;722.7153345693309;723.7153345693309;pickupShipment;6068627214;1000;0;5.865383333333333;8.430712000000002;0.0;NaN;0.0;722.7153345693309;1.0;D
vehicle_LEAD_Combustion_2;98;723.7153345693309;724.7153345693309;pickupShipment;6068627214;1000;0;5.865383333333333;8.430712000000002;0.0;NaN;0.0;723.7153345693309;1.0;D
vehicle_LEAD_Combustion_2;280;724.7153345693309;725.7153345693309;pickupShipment;6068627214;1000;0;5.865383333333333;8.430712000000002;0.0;NaN;0.0;724.7153345693309;1.0;D
vehicle_LEAD_Combustion_2;158;725.7153345693309;726.7153345693309;pickupShipment;6068627214;1000;0;5.865383333333333;8.430712000000002;0.0;NaN;0.0;725.7153345693309;1.0;D
vehicle_LEAD_Combustion_2;105;745.9020961958076;750.9020961958076;deliverShipment;831557072;1000;0;5.865383333333333;9.390052;0.0;NaN;0.0;745.9020961958076;5.0;1
vehicle_LEAD_Combustion_2;99;763.1758316483367;768.1758316483367;deliverShipment;7545572016;1000;0;5.865383333333333;10.00374;0.0;NaN;0.0;763.1758316483367;5.0;2
vehicle_LEAD_Combustion_2;281;776.5176549646901;781.5176549646901;deliverShipment;6970402914;1000;0;5.865383333333333;10.420832;0.0;NaN;0.0;776.5176549646901;5.0;3
vehicle_LEAD_Combustion_2;159;795.7698064603871;800.7698064603871;deliverShipment;6175361290;1000;0;5.865383333333333;11.133441000000001;0.0;NaN;0.0;795.7698064603871;5.0;4
vehicle_LEAD_Combustion_2;198;816.50561498877;817.50561498877;pickupShipment;6068627214;1000;0;5.865383333333333;11.920233000000001;0.0;NaN;0.0;816.50561498877;1.0;D
vehicle_LEAD_Combustion_2;18;817.50561498877;818.50561498877;pickupShipment;6068627214;1000;0;5.865383333333333;11.920233000000001;0.0;NaN;0.0;817.50561498877;1.0;D
vehicle_LEAD_Combustion_2;282;818.50561498877;819.50561498877;pickupShipment;6068627214;1000;0;5.865383333333333;11.920233000000001;0.0;NaN;0.0;818.50561498877;1.0;D
vehicle_LEAD_Combustion_2;52;819.50561498877;820.50561498877;pickupShipment;6068627214;1000;0;5.865383333333333;11.920233000000001;0.0;NaN;0.0;819.50561498877;1.0;D
vehicle_LEAD_Combustion_2;19;832.0777918444163;837.0777918444163;deliverShipment;6921021579;1000;0;5.865383333333333;12.498843;0.0;NaN;0.0;832.0777918444163;5.0;1
vehicle_LEAD_Combustion_2;283;837.0777918444163;884.2833333333333;deliverShipment;6921021579;1000;0;5.865383333333333;12.498843;0.0;NaN;0.0;837.0777918444163;47.20554148891699;2
vehicle_LEAD_Combustion_2;53;888.8436242127516;925.0666666666667;deliverShipment;7545602964;1000;0;5.865383333333333;12.726858;0.0;NaN;0.0;888.8436242127516;36.22304245391513;3
vehicle_LEAD_Combustion_2;199;930.2623562752875;1046.0;deliverShipment;6921021583;1000;0;5.865383333333333;12.986643;0.0;NaN;0.0;930.2623562752875;115.73764372471248;4
vehicle_LEAD_Combustion_2;80;1056.9626980746038;1057.9626980746038;pickupShipment;6068627214;1000;0;5.865383333333333;13.534779;0.0;NaN;0.0;1056.9626980746038;1.0;D
vehicle_LEAD_Combustion_2;178;1057.9626980746038;1058.9626980746038;pickupShipment;6068627214;1000;0;5.865383333333333;13.534779;0.0;NaN;0.0;1057.9626980746038;1.0;D
vehicle_LEAD_Combustion_2;228;1058.9626980746038;1059.9626980746038;pickupShipment;6068627214;1000;0;5.865383333333333;13.534779;0.0;NaN;0.0;1058.9626980746038;1.0;D
vehicle_LEAD_Combustion_2;230;1059.9626980746038;1060.9626980746038;pickupShipment;6068627214;1000;0;5.865383333333333;13.534779;0.0;NaN;0.0;1059.9626980746038;1.0;D
vehicle_LEAD_Combustion_2;81;1069.8115203769592;1074.8115203769592;deliverShipment;4574272246;1000;0;5.865383333333333;13.977221;0.0;NaN;0.0;1069.8115203769592;5.0;1
vehicle_LEAD_Combustion_2;179;1077.0975158049682;1082.0975158049682;deliverShipment;2170533263;1000;0;5.865383333333333;14.091521;0.0;NaN;0.0;1077.0975158049682;5.0;2
vehicle_LEAD_Combustion_2;229;1084.3835112329773;1089.3835112329773;deliverShipment;4574272246;1000;0;5.865383333333333;14.205821;0.0;NaN;0.0;1084.3835112329773;5.0;3
vehicle_LEAD_Combustion_2;231;1091.7541864916268;1096.7541864916268;deliverShipment;5947847671;1000;0;5.865383333333333;14.324355;0.0;NaN;0.0;1091.7541864916268;5.0;4
vehicle_LEAD_Combustion_2;130;1103.4018731962533;1104.4018731962533;pickupShipment;6068627214;1000;0;5.865383333333333;14.656740000000001;0.0;NaN;0.0;1103.4018731962533;1.0;D
vehicle_LEAD_Combustion_2;144;1104.4018731962533;1105.4018731962533;pickupShipment;6068627214;1000;0;5.865383333333333;14.656740000000001;0.0;NaN;0.0;1104.4018731962533;1.0;D
vehicle_LEAD_Combustion_2;42;1105.4018731962533;1106.4018731962533;pickupShipment;6068627214;1000;0;5.865383333333333;14.656740000000001;0.0;NaN;0.0;1105.4018731962533;1.0;D
vehicle_LEAD_Combustion_2;154;1106.4018731962533;1107.4018731962533;pickupShipment;6068627214;1000;0;5.865383333333333;14.656740000000001;0.0;NaN;0.0;1106.4018731962533;1.0;D
vehicle_LEAD_Combustion_2;43;1120.1719676560645;1125.1719676560645;deliverShipment;6921021577;1000;0;5.865383333333333;15.295246;0.0;NaN;0.0;1120.1719676560645;5.0;1
vehicle_LEAD_Combustion_2;145;1128.566820866358;1133.566820866358;deliverShipment;2636357128;1000;0;5.865383333333333;15.464989000000001;0.0;NaN;0.0;1128.566820866358;5.0;2
vehicle_LEAD_Combustion_2;131;1144.536918926162;1149.536918926162;deliverShipment;27503214;1000;0;5.865383333333333;16.013495000000002;0.0;NaN;0.0;1144.536918926162;5.0;3
vehicle_LEAD_Combustion_2;155;1158.4775210449577;1163.4775210449577;deliverShipment;6970402888;1000;0;5.865383333333333;16.460526;0.0;NaN;0.0;1158.4775210449577;5.0;4
vehicle_LEAD_Combustion_2;274;1180.4929270141458;1181.4929270141458;pickupShipment;6068627214;1000;0;5.865383333333333;17.311298;0.0;NaN;0.0;1180.4929270141458;1.0;D
vehicle_LEAD_Combustion_2;288;1181.4929270141458;1182.4929270141458;pickupShipment;6068627214;1000;0;5.865383333333333;17.311298;0.0;NaN;0.0;1181.4929270141458;1.0;D
vehicle_LEAD_Combustion_2;204;1182.4929270141458;1183.4929270141458;pickupShipment;6068627214;1000;0;5.865383333333333;17.311298;0.0;NaN;0.0;1182.4929270141458;1.0;D
vehicle_LEAD_Combustion_2;152;1183.4929270141458;1184.4929270141458;pickupShipment;6068627214;1000;0;5.865383333333333;17.311298;0.0;NaN;0.0;1183.4929270141458;1.0;D
vehicle_LEAD_Combustion_2;289;1189.4282371435256;1194.4282371435256;deliverShipment;35678668;1000;0;5.865383333333333;17.558064;0.0;NaN;0.0;1189.4282371435256;5.0;1
vehicle_LEAD_Combustion_2;205;1195.4785150429698;1200.4785150429698;deliverShipment;5947847666;1000;0;5.865383333333333;17.610578;0.0;NaN;0.0;1195.4785150429698;5.0;2
vehicle_LEAD_Combustion_2;153;1200.4785150429698;1205.4785150429698;deliverShipment;5947847666;1000;0;5.865383333333333;17.610578;0.0;NaN;0.0;1200.4785150429698;5.0;3
vehicle_LEAD_Combustion_2;275;1207.3468913062172;1212.3468913062172;deliverShipment;25312137;1000;0;5.865383333333333;17.703997;0.0;NaN;0.0;1207.3468913062172;5.0;4
vehicle_LEAD_Combustion_2;234;1215.9876440247117;1216.9876440247117;pickupShipment;6068627214;1000;0;5.865383333333333;17.886035;0.0;NaN;0.0;1215.9876440247117;1.0;D
vehicle_LEAD_Combustion_2;196;1216.9876440247117;1217.9876440247117;pickupShipment;6068627214;1000;0;5.865383333333333;17.886035;0.0;NaN;0.0;1216.9876440247117;1.0;D
vehicle_LEAD_Combustion_2;294;1217.9876440247117;1218.9876440247117;pickupShipment;6068627214;1000;0;5.865383333333333;17.886035;0.0;NaN;0.0;1217.9876440247117;1.0;D
vehicle_LEAD_Combustion_2;78;1218.9876440247117;1219.9876440247117;pickupShipment;6068627214;1000;0;5.865383333333333;17.886035;0.0;NaN;0.0;1218.9876440247117;1.0;D
vehicle_LEAD_Combustion_2;197;1225.7174725650545;1230.7174725650545;deliverShipment;5947847665;1000;0;5.865383333333333;18.172527;0.0;NaN;0.0;1225.7174725650545;5.0;1
vehicle_LEAD_Combustion_2;295;1230.7174725650545;1235.7174725650545;deliverShipment;5947847665;1000;0;5.865383333333333;18.172527;0.0;NaN;0.0;1230.7174725650545;5.0;2
vehicle_LEAD_Combustion_2;235;1235.9381721236555;1240.9381721236555;deliverShipment;5947847666;1000;0;5.865383333333333;18.183562;0.0;NaN;0.0;1235.9381721236555;5.0;3
vehicle_LEAD_Combustion_2;212;1246.4473011053974;1247.4473011053974;pickupShipment;6068627214;1000;0;5.865383333333333;18.459018999999998;0.0;NaN;0.0;1246.4473011053974;1.0;D
vehicle_LEAD_Combustion_2;174;1247.4473011053974;1248.4473011053974;pickupShipment;6068627214;1000;0;5.865383333333333;18.459018999999998;0.0;NaN;0.0;1247.4473011053974;1.0;D
vehicle_LEAD_Combustion_2;79;1254.6786886426223;1259.6786886426223;deliverShipment;25312138;1000;0;5.865383333333333;18.770588999999998;0.0;NaN;0.0;1254.6786886426223;5.0;1
vehicle_LEAD_Combustion_2;175;1264.7405185189625;1269.7405185189625;deliverShipment;7182132321;1000;0;5.865383333333333;19.023680999999996;0.0;NaN;0.0;1264.7405185189625;5.0;2
vehicle_LEAD_Combustion_2;213;1273.7711304577385;1278.7711304577385;deliverShipment;25312126;1000;0;5.865383333333333;19.225211999999996;0.0;NaN;0.0;1273.7711304577385;5.0;3
vehicle_LEAD_Combustion_2;188;1292.4804630390734;1293.4804630390734;pickupShipment;6068627214;1000;0;5.865383333333333;19.910679999999996;0.0;NaN;0.0;1292.4804630390734;1.0;D
vehicle_LEAD_Combustion_2;156;1293.4804630390734;1294.4804630390734;pickupShipment;6068627214;1000;0;5.865383333333333;19.910679999999996;0.0;NaN;0.0;1293.4804630390734;1.0;D
vehicle_LEAD_Combustion_2;134;1294.4804630390734;1295.4804630390734;pickupShipment;6068627214;1000;0;5.865383333333333;19.910679999999996;0.0;NaN;0.0;1294.4804630390734;1.0;D
vehicle_LEAD_Combustion_2;182;1295.4804630390734;1296.4804630390734;pickupShipment;6068627214;1000;0;5.865383333333333;19.910679999999996;0.0;NaN;0.0;1295.4804630390734;1.0;D
vehicle_LEAD_Combustion_2;157;1324.0813678372638;1329.0813678372638;deliverShipment;33255445;1000;0;5.865383333333333;21.290727999999998;0.0;NaN;0.0;1324.0813678372638;5.0;1
vehicle_LEAD_Combustion_2;189;1331.2345835308324;1336.2345835308324;deliverShipment;1754647299;1000;0;5.865383333333333;21.398388999999998;0.0;NaN;0.0;1331.2345835308324;5.0;2
vehicle_LEAD_Combustion_2;135;1336.2345835308324;1341.2345835308324;deliverShipment;1754647299;1000;0;5.865383333333333;21.398388999999998;0.0;NaN;0.0;1336.2345835308324;5.0;3
vehicle_LEAD_Combustion_2;183;1348.5786688426617;1353.5786688426617;deliverShipment;6855610536;1000;0;5.865383333333333;21.765593999999997;0.0;NaN;0.0;1348.5786688426617;5.0;4
vehicle_LEAD_Combustion_2;-2;1376.905482189035;0.0;end;6068627214;1000;0;5.865383333333333;22.931936999999998;0.0;NaN;0.0;1376.905482189035;-1376.905482189035;end
vehicle_LEAD_Combustion_3;-1;0.0;0.0;start;6068627214;1000;0;5.865383333333333;0.0;0.0;NaN;0.0;0.0;0.0;start
vehicle_LEAD_Combustion_3;124;0.0;1.0;pickupShipment;6068627214;1000;0;5.865383333333333;0.0;0.0;NaN;0.0;0.0;1.0;D
vehicle_LEAD_Combustion_3;68;1.0;2.0;pickupShipment;6068627214;1000;0;5.865383333333333;0.0;0.0;NaN;0.0;1.0;1.0;D
vehicle_LEAD_Combustion_3;28;2.0;3.0;pickupShipment;6068627214;1000;0;5.865383333333333;0.0;0.0;NaN;0.0;2.0;1.0;D
vehicle_LEAD_Combustion_3;260;3.0;4.0;pickupShipment;6068627214;1000;0;5.865383333333333;0.0;0.0;NaN;0.0;3.0;1.0;D
vehicle_LEAD_Combustion_3;261;14.791098417803163;425.0;deliverShipment;3246517575;1000;0;5.865383333333333;0.5395559999999999;0.0;NaN;0.0;14.791098417803163;410.20890158219686;1
vehicle_LEAD_Combustion_3;69;425.0;430.0;deliverShipment;3246517575;1000;0;5.865383333333333;0.5395559999999999;0.0;NaN;0.0;425.0;5.0;2
vehicle_LEAD_Combustion_3;29;430.0;435.0;deliverShipment;3246517575;1000;0;5.865383333333333;0.5395559999999999;0.0;NaN;0.0;430.0;5.0;3
vehicle_LEAD_Combustion_3;244;445.79109841780314;446.79109841780314;pickupShipment;6068627214;1000;0;5.865383333333333;1.0791119999999998;0.0;NaN;0.0;445.79109841780314;1.0;D
vehicle_LEAD_Combustion_3;2;446.79109841780314;447.79109841780314;pickupShipment;6068627214;1000;0;5.865383333333333;1.0791119999999998;0.0;NaN;0.0;446.79109841780314;1.0;D
vehicle_LEAD_Combustion_3;146;447.79109841780314;448.79109841780314;pickupShipment;6068627214;1000;0;5.865383333333333;1.0791119999999998;0.0;NaN;0.0;447.79109841780314;1.0;D
vehicle_LEAD_Combustion_3;245;461.7104525790948;466.7104525790948;deliverShipment;5947847659;1000;0;5.865383333333333;1.7250809999999999;0.0;NaN;0.0;461.7104525790948;5.0;1
vehicle_LEAD_Combustion_3;147;470.3869252261495;475.3869252261495;deliverShipment;2170533264;1000;0;5.865383333333333;1.9089049999999999;0.0;NaN;0.0;470.3869252261495;5.0;2
vehicle_LEAD_Combustion_3;125;475.3869252261495;480.3869252261495;deliverShipment;2170533264;1000;0;5.865383333333333;1.9089049999999999;0.0;NaN;0.0;475.3869252261495;5.0;3
vehicle_LEAD_Combustion_3;256;493.4376991246017;494.4376991246017;pickupShipment;6068627214;1000;0;5.865383333333333;2.561445;0.0;NaN;0.0;493.4376991246017;1.0;D
vehicle_LEAD_Combustion_3;292;494.4376991246017;495.4376991246017;pickupShipment;6068627214;1000;0;5.865383333333333;2.561445;0.0;NaN;0.0;494.4376991246017;1.0;D
vehicle_LEAD_Combustion_3;250;495.4376991246017;496.4376991246017;pickupShipment;6068627214;1000;0;5.865383333333333;2.561445;0.0;NaN;0.0;495.4376991246017;1.0;D
vehicle_LEAD_Combustion_3;251;511.64386871226253;516.6438687122625;deliverShipment;27503208;1000;0;5.865383333333333;3.321755;0.0;NaN;0.0;511.64386871226253;4.999999999999943;1
vehicle_LEAD_Combustion_3;257;517.5919468161063;522.5919468161063;deliverShipment;34815653;1000;0;5.865383333333333;3.369159;0.0;NaN;0.0;517.5919468161063;5.0;2
vehicle_LEAD_Combustion_3;293;522.5919468161063;527.5919468161063;deliverShipment;34815653;1000;0;5.865383333333333;3.369159;0.0;NaN;0.0;522.5919468161063;5.0;3
vehicle_LEAD_Combustion_3;22;541.8500382999233;542.8500382999233;pickupShipment;6068627214;1000;0;5.865383333333333;4.082065;0.0;NaN;0.0;541.8500382999233;1.0;D
vehicle_LEAD_Combustion_3;70;542.8500382999233;543.8500382999233;pickupShipment;6068627214;1000;0;5.865383333333333;4.082065;0.0;NaN;0.0;542.8500382999233;1.0;D
vehicle_LEAD_Combustion_3;286;543.8500382999233;544.8500382999233;pickupShipment;6068627214;1000;0;5.865383333333333;4.082065;0.0;NaN;0.0;543.8500382999233;1.0;D
vehicle_LEAD_Combustion_3;23;560.4978070043859;565.4978070043859;deliverShipment;1683287884;1000;0;5.865383333333333;4.864455;0.0;NaN;0.0;560.4978070043859;5.0;1
vehicle_LEAD_Combustion_3;71;572.8584122831753;577.8584122831753;deliverShipment;6297154746;1000;0;5.865383333333333;5.232486000000001;0.0;NaN;0.0;572.8584122831753;5.0;2
vehicle_LEAD_Combustion_3;287;577.8584122831753;582.8584122831753;deliverShipment;6297154746;1000;0;5.865383333333333;5.232486000000001;0.0;NaN;0.0;577.8584122831753;5.0;3
vehicle_LEAD_Combustion_3;3;589.0165199669599;594.0165199669599;deliverShipment;4574272249;1000;0;5.865383333333333;5.540392000000001;0.0;NaN;0.0;589.0165199669599;5.0;4
vehicle_LEAD_Combustion_3;50;606.1755756488485;607.1755756488485;pickupShipment;6068627214;1000;0;5.865383333333333;6.148346000000001;0.0;NaN;0.0;606.1755756488485;1.0;D
vehicle_LEAD_Combustion_3;148;607.1755756488485;608.1755756488485;pickupShipment;6068627214;1000;0;5.865383333333333;6.148346000000001;0.0;NaN;0.0;607.1755756488485;1.0;D
vehicle_LEAD_Combustion_3;272;608.1755756488485;609.1755756488485;pickupShipment;6068627214;1000;0;5.865383333333333;6.148346000000001;0.0;NaN;0.0;608.1755756488485;1.0;D
vehicle_LEAD_Combustion_3;128;609.1755756488485;610.1755756488485;pickupShipment;6068627214;1000;0;5.865383333333333;6.148346000000001;0.0;NaN;0.0;609.1755756488485;1.0;D
vehicle_LEAD_Combustion_3;129;628.1996996006006;633.1996996006006;deliverShipment;2636357186;1000;0;5.865383333333333;7.0495540000000005;0.0;NaN;0.0;628.1996996006006;5.0;1
vehicle_LEAD_Combustion_3;273;636.5915528168943;641.5915528168943;deliverShipment;6970402893;1000;0;5.865383333333333;7.219147;0.0;NaN;0.0;636.5915528168943;5.0;2
vehicle_LEAD_Combustion_3;149;644.2027275945447;649.2027275945447;deliverShipment;6970402909;1000;0;5.865383333333333;7.349706;0.0;NaN;0.0;644.2027275945447;5.0;3
vehicle_LEAD_Combustion_3;202;666.030413939172;667.030413939172;pickupShipment;6068627214;1000;0;5.865383333333333;8.191092000000001;0.0;NaN;0.0;666.030413939172;1.0;D
vehicle_LEAD_Combustion_3;238;667.030413939172;668.030413939172;pickupShipment;6068627214;1000;0;5.865383333333333;8.191092000000001;0.0;NaN;0.0;667.030413939172;1.0;D
vehicle_LEAD_Combustion_3;96;668.030413939172;669.030413939172;pickupShipment;6068627214;1000;0;5.865383333333333;8.191092000000001;0.0;NaN;0.0;668.030413939172;1.0;D
vehicle_LEAD_Combustion_3;97;678.3691952616094;683.3691952616094;deliverShipment;5947847660;1000;0;5.865383333333333;8.658032;0.0;NaN;0.0;678.3691952616094;5.0;1
vehicle_LEAD_Combustion_3;239;683.3691952616094;840.0666666666667;deliverShipment;5947847660;1000;0;5.865383333333333;8.658032;0.0;NaN;0.0;683.3691952616094;156.69747140505729;2
vehicle_LEAD_Combustion_3;203;840.2686662626676;845.2686662626676;deliverShipment;5947847657;1000;0;5.865383333333333;8.668132;0.0;NaN;0.0;840.2686662626676;5.0;3
vehicle_LEAD_Combustion_3;184;854.4054479891041;855.4054479891041;pickupShipment;6068627214;1000;0;5.865383333333333;9.124972;0.0;NaN;0.0;854.4054479891041;1.0;D
vehicle_LEAD_Combustion_3;236;855.4054479891041;856.4054479891041;pickupShipment;6068627214;1000;0;5.865383333333333;9.124972;0.0;NaN;0.0;855.4054479891041;1.0;D
vehicle_LEAD_Combustion_3;56;856.4054479891041;857.4054479891041;pickupShipment;6068627214;1000;0;5.865383333333333;9.124972;0.0;NaN;0.0;856.4054479891041;1.0;D
vehicle_LEAD_Combustion_3;51;875.8126311747377;880.8126311747377;deliverShipment;6842687749;1000;0;5.865383333333333;10.045333;0.0;NaN;0.0;875.8126311747377;5.0;1
vehicle_LEAD_Combustion_3;57;880.9380509238982;885.9380509238982;deliverShipment;6872884066;1000;0;5.865383333333333;10.051604;0.0;NaN;0.0;880.9380509238982;5.0;2
vehicle_LEAD_Combustion_3;185;887.4031279937441;892.4031279937441;deliverShipment;2244092196;1000;0;5.865383333333333;10.124858;0.0;NaN;0.0;887.4031279937441;5.0;3
vehicle_LEAD_Combustion_3;108;912.1499685000631;913.1499685000631;pickupShipment;6068627214;1000;0;5.865383333333333;11.112202;0.0;NaN;0.0;912.1499685000631;1.0;D
vehicle_LEAD_Combustion_3;16;913.1499685000631;914.1499685000631;pickupShipment;6068627214;1000;0;5.865383333333333;11.112202;0.0;NaN;0.0;913.1499685000631;1.0;D
vehicle_LEAD_Combustion_3;206;914.1499685000631;915.1499685000631;pickupShipment;6068627214;1000;0;5.865383333333333;11.112202;0.0;NaN;0.0;914.1499685000631;1.0;D
vehicle_LEAD_Combustion_3;109;932.0042347915305;991.4333333333333;deliverShipment;34815656;1000;0;5.865383333333333;11.954917;0.0;NaN;0.0;932.0042347915305;59.42909854180277;1
vehicle_LEAD_Combustion_3;17;992.2016517966964;997.2016517966964;deliverShipment;6970402890;1000;0;5.865383333333333;11.993333;0.0;NaN;0.0;992.2016517966964;5.0;2
vehicle_LEAD_Combustion_3;207;1001.602282995434;1006.602282995434;deliverShipment;6970402908;1000;0;5.865383333333333;12.213365;0.0;NaN;0.0;1001.602282995434;5.0;3
vehicle_LEAD_Combustion_3;237;1009.2048577902844;1031.4333333333334;deliverShipment;34815653;1000;0;5.865383333333333;12.343494;0.0;NaN;0.0;1009.2048577902844;22.228475543048944;4
vehicle_LEAD_Combustion_3;122;1045.6914248171504;1046.6914248171504;pickupShipment;6068627214;1000;0;5.865383333333333;13.0564;0.0;NaN;0.0;1045.6914248171504;1.0;D
vehicle_LEAD_Combustion_3;123;1049.2321997356005;1054.2321997356005;deliverShipment;4574272238;1000;0;5.865383333333333;13.183439;0.0;NaN;0.0;1049.2321997356005;5.0;1
vehicle_LEAD_Combustion_3;116;1056.7729746540506;1057.7729746540506;pickupShipment;6068627214;1000;0;5.865383333333333;13.310478;0.0;NaN;0.0;1056.7729746540506;1.0;D
vehicle_LEAD_Combustion_3;216;1057.7729746540506;1058.7729746540506;pickupShipment;6068627214;1000;0;5.865383333333333;13.310478;0.0;NaN;0.0;1057.7729746540506;1.0;D
vehicle_LEAD_Combustion_3;268;1058.7729746540506;1059.7729746540506;pickupShipment;6068627214;1000;0;5.865383333333333;13.310478;0.0;NaN;0.0;1058.7729746540506;1.0;D
vehicle_LEAD_Combustion_3;66;1059.7729746540506;1060.7729746540506;pickupShipment;6068627214;1000;0;5.865383333333333;13.310478;0.0;NaN;0.0;1059.7729746540506;1.0;D
vehicle_LEAD_Combustion_3;117;1072.871090457819;1077.871090457819;deliverShipment;35678579;1000;0;5.865383333333333;13.915385;0.0;NaN;0.0;1072.871090457819;5.0;1
vehicle_LEAD_Combustion_3;217;1083.6820588358823;1088.6820588358823;deliverShipment;3834377376;1000;0;5.865383333333333;14.205934000000001;0.0;NaN;0.0;1083.6820588358823;5.0;2
vehicle_LEAD_Combustion_3;269;1097.7527406945187;1102.7527406945187;deliverShipment;3246605497;1000;0;5.865383333333333;14.659469000000001;0.0;NaN;0.0;1097.7527406945187;5.0;3
vehicle_LEAD_Combustion_3;67;1102.7527406945187;1107.7527406945187;deliverShipment;3246605497;1000;0;5.865383333333333;14.659469000000001;0.0;NaN;0.0;1102.7527406945187;5.0;4
vehicle_LEAD_Combustion_3;232;1125.7894446211108;1126.7894446211108;pickupShipment;6068627214;1000;0;5.865383333333333;15.561306000000002;0.0;NaN;0.0;1125.7894446211108;1.0;D
vehicle_LEAD_Combustion_3;8;1126.7894446211108;1127.7894446211108;pickupShipment;6068627214;1000;0;5.865383333333333;15.561306000000002;0.0;NaN;0.0;1126.7894446211108;1.0;D
vehicle_LEAD_Combustion_3;4;1127.7894446211108;1128.7894446211108;pickupShipment;6068627214;1000;0;5.865383333333333;15.561306000000002;0.0;NaN;0.0;1127.7894446211108;1.0;D
vehicle_LEAD_Combustion_3;264;1128.7894446211108;1129.7894446211108;pickupShipment;6068627214;1000;0;5.865383333333333;15.561306000000002;0.0;NaN;0.0;1128.7894446211108;1.0;D
vehicle_LEAD_Combustion_3;265;1141.2798016403967;1146.2798016403967;deliverShipment;5947881177;1000;0;5.865383333333333;16.135825;0.0;NaN;0.0;1141.2798016403967;5.0;1
vehicle_LEAD_Combustion_3;5;1146.2798016403967;1151.2798016403967;deliverShipment;5947881177;1000;0;5.865383333333333;16.135825;0.0;NaN;0.0;1146.2798016403967;5.0;2
vehicle_LEAD_Combustion_3;233;1155.2624336751326;1160.2624336751326;deliverShipment;829114775;1000;0;5.865383333333333;16.334957;0.0;NaN;0.0;1155.2624336751326;5.0;3
vehicle_LEAD_Combustion_3;140;1175.7354227291544;1176.7354227291544;pickupShipment;6068627214;1000;0;5.865383333333333;17.108608;0.0;NaN;0.0;1175.7354227291544;1.0;D
vehicle_LEAD_Combustion_3;94;1176.7354227291544;1177.7354227291544;pickupShipment;6068627214;1000;0;5.865383333333333;17.108608;0.0;NaN;0.0;1176.7354227291544;1.0;D
vehicle_LEAD_Combustion_3;170;1177.7354227291544;1178.7354227291544;pickupShipment;6068627214;1000;0;5.865383333333333;17.108608;0.0;NaN;0.0;1177.7354227291544;1.0;D
vehicle_LEAD_Combustion_3;141;1192.9935142129714;1197.9935142129714;deliverShipment;34815653;1000;0;5.865383333333333;17.821514;0.0;NaN;0.0;1192.9935142129714;5.0;1
vehicle_LEAD_Combustion_3;171;1198.3853334293328;1203.3853334293328;deliverShipment;2088132520;1000;0;5.865383333333333;17.841105;0.0;NaN;0.0;1198.3853334293328;5.0;2
vehicle_LEAD_Combustion_3;95;1205.6067089865817;1210.6067089865817;deliverShipment;5324491691;1000;0;5.865383333333333;17.952174;0.0;NaN;0.0;1205.6067089865817;5.0;3
vehicle_LEAD_Combustion_3;9;1212.0348661302673;1217.0348661302673;deliverShipment;7363009586;1000;0;5.865383333333333;18.023582;0.0;NaN;0.0;1212.0348661302673;5.0;4
vehicle_LEAD_Combustion_3;214;1228.0455441089114;1229.0455441089114;pickupShipment;6068627214;1000;0;5.865383333333333;18.574117;0.0;NaN;0.0;1228.0455441089114;1.0;D
vehicle_LEAD_Combustion_3;194;1229.0455441089114;1230.0455441089114;pickupShipment;6068627214;1000;0;5.865383333333333;18.574117;0.0;NaN;0.0;1229.0455441089114;1.0;D
vehicle_LEAD_Combustion_3;64;1230.0455441089114;1231.0455441089114;pickupShipment;6068627214;1000;0;5.865383333333333;18.574117;0.0;NaN;0.0;1230.0455441089114;1.0;D
vehicle_LEAD_Combustion_3;76;1231.0455441089114;1232.0455441089114;pickupShipment;6068627214;1000;0;5.865383333333333;18.574117;0.0;NaN;0.0;1231.0455441089114;1.0;D
vehicle_LEAD_Combustion_3;215;1234.0456001087994;1239.0456001087994;deliverShipment;5947871000;1000;0;5.865383333333333;18.674120000000002;0.0;NaN;0.0;1234.0456001087994;5.0;1
vehicle_LEAD_Combustion_3;195;1239.3103795792404;1244.3103795792404;deliverShipment;5947870999;1000;0;5.865383333333333;18.687359;0.0;NaN;0.0;1239.3103795792404;5.0;2
vehicle_LEAD_Combustion_3;65;1245.252937694124;1250.252937694124;deliverShipment;5947870997;1000;0;5.865383333333333;18.734487;0.0;NaN;0.0;1245.252937694124;5.0;3
vehicle_LEAD_Combustion_3;77;1251.8980744038506;1256.8980744038506;deliverShipment;5947870995;1000;0;5.865383333333333;18.816744;0.0;NaN;0.0;1251.8980744038506;5.0;4
vehicle_LEAD_Combustion_3;30;1261.75060469879;1262.75060469879;pickupShipment;6068627214;1000;0;5.865383333333333;19.059371;0.0;NaN;0.0;1261.75060469879;1.0;D
vehicle_LEAD_Combustion_3;114;1262.75060469879;1263.75060469879;pickupShipment;6068627214;1000;0;5.865383333333333;19.059371;0.0;NaN;0.0;1262.75060469879;1.0;D
vehicle_LEAD_Combustion_3;266;1263.75060469879;1264.75060469879;pickupShipment;6068627214;1000;0;5.865383333333333;19.059371;0.0;NaN;0.0;1263.75060469879;1.0;D
vehicle_LEAD_Combustion_3;86;1264.75060469879;1265.75060469879;pickupShipment;6068627214;1000;0;5.865383333333333;19.059371;0.0;NaN;0.0;1264.75060469879;1.0;D
vehicle_LEAD_Combustion_3;31;1280.74191471617;1285.74191471617;deliverShipment;6399726036;1000;0;5.865383333333333;19.808937999999998;0.0;NaN;0.0;1280.74191471617;5.0;1
vehicle_LEAD_Combustion_3;115;1289.9421263157467;1294.9421263157467;deliverShipment;3246517575;1000;0;5.865383333333333;20.018949;0.0;NaN;0.0;1289.9421263157467;5.0;2
vehicle_LEAD_Combustion_3;267;1294.9421263157467;1299.9421263157467;deliverShipment;3246517575;1000;0;5.865383333333333;20.018949;0.0;NaN;0.0;1294.9421263157467;5.0;3
vehicle_LEAD_Combustion_3;87;1299.9421263157467;1304.9421263157467;deliverShipment;3246517575;1000;0;5.865383333333333;20.018949;0.0;NaN;0.0;1299.9421263157467;5.0;4
vehicle_LEAD_Combustion_3;162;1315.7332247335498;1316.7332247335498;pickupShipment;6068627214;1000;0;5.865383333333333;20.558505;0.0;NaN;0.0;1315.7332247335498;1.0;D
vehicle_LEAD_Combustion_3;270;1316.7332247335498;1317.7332247335498;pickupShipment;6068627214;1000;0;5.865383333333333;20.558505;0.0;NaN;0.0;1316.7332247335498;1.0;D
vehicle_LEAD_Combustion_3;248;1317.7332247335498;1318.7332247335498;pickupShipment;6068627214;1000;0;5.865383333333333;20.558505;0.0;NaN;0.0;1317.7332247335498;1.0;D
vehicle_LEAD_Combustion_3;60;1318.7332247335498;1319.7332247335498;pickupShipment;6068627214;1000;0;5.865383333333333;20.558505;0.0;NaN;0.0;1318.7332247335498;1.0;D
vehicle_LEAD_Combustion_3;271;1328.6368869262255;1333.6368869262255;deliverShipment;25312123;1000;0;5.865383333333333;21.003689;0.0;NaN;0.0;1328.6368869262255;5.0;1
vehicle_LEAD_Combustion_3;249;1346.483721232557;1351.483721232557;deliverShipment;33257061;1000;0;5.865383333333333;21.646032;0.0;NaN;0.0;1346.483721232557;5.0;2
vehicle_LEAD_Combustion_3;61;1351.483721232557;1356.483721232557;deliverShipment;33257061;1000;0;5.865383333333333;21.646032;0.0;NaN;0.0;1351.483721232557;5.0;3
vehicle_LEAD_Combustion_3;163;1369.4100753798486;1374.4100753798486;deliverShipment;5947847660;1000;0;5.865383333333333;22.292351000000004;0.0;NaN;0.0;1369.4100753798486;5.0;4
vehicle_LEAD_Combustion_3;-2;1383.748856702286;0.0;end;6068627214;1000;0;5.865383333333333;22.759291000000005;0.0;NaN;0.0;1383.748856702286;-1383.748856702286;end
vehicle_LEAD_Combustion_4;-1;0.0;0.0;start;6068627214;1000;0;5.865383333333333;0.0;0.0;NaN;0.0;0.0;0.0;start
vehicle_LEAD_Combustion_4;210;0.0;1.0;pickupShipment;6068627214;1000;0;5.865383333333333;0.0;0.0;NaN;0.0;0.0;1.0;D
vehicle_LEAD_Combustion_4;242;1.0;2.0;pickupShipment;6068627214;1000;0;5.865383333333333;0.0;0.0;NaN;0.0;1.0;1.0;D
vehicle_LEAD_Combustion_4;34;2.0;3.0;pickupShipment;6068627214;1000;0;5.865383333333333;0.0;0.0;NaN;0.0;2.0;1.0;D
vehicle_LEAD_Combustion_4;62;3.0;4.0;pickupShipment;6068627214;1000;0;5.865383333333333;0.0;0.0;NaN;0.0;3.0;1.0;D
vehicle_LEAD_Combustion_4;63;20.871286257427485;425.0;deliverShipment;5324491691;1000;0;5.865383333333333;0.8435659999999999;0.0;NaN;0.0;20.871286257427485;404.12871374257253;1
vehicle_LEAD_Combustion_4;243;427.40803518392966;432.40803518392966;deliverShipment;7545572182;1000;0;5.865383333333333;0.9639679999999999;0.0;NaN;0.0;427.40803518392966;5.0;2
vehicle_LEAD_Combustion_4;35;434.77801044397916;439.77801044397916;deliverShipment;34815654;1000;0;5.865383333333333;1.0824669999999998;0.0;NaN;0.0;434.77801044397916;5.0;3
vehicle_LEAD_Combustion_4;211;442.9297641404718;447.9297641404718;deliverShipment;25312134;1000;0;5.865383333333333;1.240055;0.0;NaN;0.0;442.9297641404718;5.0;4
vehicle_LEAD_Combustion_4;208;456.38912722174564;457.38912722174564;pickupShipment;6068627214;1000;0;5.865383333333333;1.6630239999999998;0.0;NaN;0.0;456.38912722174564;1.0;D
vehicle_LEAD_Combustion_4;120;457.38912722174564;458.38912722174564;pickupShipment;6068627214;1000;0;5.865383333333333;1.6630239999999998;0.0;NaN;0.0;457.38912722174564;1.0;D
vehicle_LEAD_Combustion_4;290;458.38912722174564;459.38912722174564;pickupShipment;6068627214;1000;0;5.865383333333333;1.6630239999999998;0.0;NaN;0.0;458.38912722174564;1.0;D
vehicle_LEAD_Combustion_4;24;459.38912722174564;460.38912722174564;pickupShipment;6068627214;1000;0;5.865383333333333;1.6630239999999998;0.0;NaN;0.0;459.38912722174564;1.0;D
vehicle_LEAD_Combustion_4;291;468.36375127249755;473.36375127249755;deliverShipment;6297154743;1000;0;5.865383333333333;2.061756;0.0;NaN;0.0;468.36375127249755;5.0;1
vehicle_LEAD_Combustion_4;25;473.6989306021389;478.6989306021389;deliverShipment;7363009590;1000;0;5.865383333333333;2.078515;0.0;NaN;0.0;473.6989306021389;5.0;2
vehicle_LEAD_Combustion_4;209;481.2127455745089;486.2127455745089;deliverShipment;6399728608;1000;0;5.865383333333333;2.204206;0.0;NaN;0.0;481.2127455745089;5.0;3
vehicle_LEAD_Combustion_4;160;496.3584652830695;497.3584652830695;pickupShipment;6068627214;1000;0;5.865383333333333;2.711493;0.0;NaN;0.0;496.3584652830695;1.0;D
vehicle_LEAD_Combustion_4;26;497.3584652830695;498.3584652830695;pickupShipment;6068627214;1000;0;5.865383333333333;2.711493;0.0;NaN;0.0;497.3584652830695;1.0;D
vehicle_LEAD_Combustion_4;186;498.3584652830695;499.3584652830695;pickupShipment;6068627214;1000;0;5.865383333333333;2.711493;0.0;NaN;0.0;498.3584652830695;1.0;D
vehicle_LEAD_Combustion_4;27;515.456673086654;984.1666666666666;deliverShipment;4574272247;1000;0;5.865383333333333;3.516405;0.0;NaN;0.0;515.456673086654;468.7099935800127;1
vehicle_LEAD_Combustion_4;161;986.5555418889162;991.5555418889162;deliverShipment;25312126;1000;0;5.865383333333333;3.635849;0.0;NaN;0.0;986.5555418889162;5.0;2
vehicle_LEAD_Combustion_4;187;996.9526510946978;1001.9526510946978;deliverShipment;33257060;1000;0;5.865383333333333;3.9057049999999998;0.0;NaN;0.0;996.9526510946978;5.0;3
vehicle_LEAD_Combustion_4;121;1003.7247075505849;1080.5;deliverShipment;7182132321;1000;0;5.865383333333333;3.9943079999999997;0.0;NaN;0.0;1003.7247075505849;76.77529244941513;4
vehicle_LEAD_Combustion_4;240;1091.7932174135651;1092.7932174135651;pickupShipment;6068627214;1000;0;5.865383333333333;4.5589699999999995;0.0;NaN;0.0;1091.7932174135651;1.0;D
vehicle_LEAD_Combustion_4;258;1092.7932174135651;1093.7932174135651;pickupShipment;6068627214;1000;0;5.865383333333333;4.5589699999999995;0.0;NaN;0.0;1092.7932174135651;1.0;D
vehicle_LEAD_Combustion_4;222;1093.7932174135651;1094.7932174135651;pickupShipment;6068627214;1000;0;5.865383333333333;4.5589699999999995;0.0;NaN;0.0;1093.7932174135651;1.0;D
vehicle_LEAD_Combustion_4;10;1094.7932174135651;1095.7932174135651;pickupShipment;6068627214;1000;0;5.865383333333333;4.5589699999999995;0.0;NaN;0.0;1094.7932174135651;1.0;D
vehicle_LEAD_Combustion_4;241;1107.8913332173336;1112.8913332173336;deliverShipment;35678579;1000;0;5.865383333333333;5.163876999999999;0.0;NaN;0.0;1107.8913332173336;5.0;1
vehicle_LEAD_Combustion_4;11;1115.746567506865;1120.746567506865;deliverShipment;2170533264;1000;0;5.865383333333333;5.306639;0.0;NaN;0.0;1115.746567506865;5.0;2
vehicle_LEAD_Combustion_4;40;1133.7973414053172;1134.7973414053172;pickupShipment;6068627214;1000;0;5.865383333333333;5.959179;0.0;NaN;0.0;1133.7973414053172;1.0;D
vehicle_LEAD_Combustion_4;72;1134.7973414053172;1135.7973414053172;pickupShipment;6068627214;1000;0;5.865383333333333;5.959179;0.0;NaN;0.0;1134.7973414053172;1.0;D
vehicle_LEAD_Combustion_4;41;1164.2348845302308;1169.2348845302308;deliverShipment;34819691;1000;0;5.865383333333333;7.381059;0.0;NaN;0.0;1164.2348845302308;5.0;1
vehicle_LEAD_Combustion_4;262;1197.6724276551445;1198.6724276551445;pickupShipment;6068627214;1000;0;5.865383333333333;8.802939;0.0;NaN;0.0;1197.6724276551445;1.0;D
vehicle_LEAD_Combustion_4;73;1202.4631600736795;1207.4631600736795;deliverShipment;5947847668;1000;0;5.865383333333333;8.992476;0.0;NaN;0.0;1202.4631600736795;5.0;1
vehicle_LEAD_Combustion_4;263;1207.4631600736795;1212.4631600736795;deliverShipment;5947847668;1000;0;5.865383333333333;8.992476;0.0;NaN;0.0;1207.4631600736795;5.0;2
vehicle_LEAD_Combustion_4;252;1216.2538924922146;1217.2538924922146;pickupShipment;6068627214;1000;0;5.865383333333333;9.182013;0.0;NaN;0.0;1216.2538924922146;1.0;D
vehicle_LEAD_Combustion_4;32;1217.2538924922146;1218.2538924922146;pickupShipment;6068627214;1000;0;5.865383333333333;9.182013;0.0;NaN;0.0;1217.2538924922146;1.0;D
vehicle_LEAD_Combustion_4;223;1236.5356559286877;1241.5356559286877;deliverShipment;6872884066;1000;0;5.865383333333333;10.096103;0.0;NaN;0.0;1236.5356559286877;5.0;1
vehicle_LEAD_Combustion_4;259;1247.0381649236697;1252.0381649236697;deliverShipment;35678578;1000;0;5.865383333333333;10.371229;0.0;NaN;0.0;1247.0381649236697;5.0;2
vehicle_LEAD_Combustion_4;253;1254.0109409781176;1259.0109409781176;deliverShipment;1384090139;1000;0;5.865383333333333;10.469868;0.0;NaN;0.0;1254.0109409781176;5.0;3
vehicle_LEAD_Combustion_4;110;1273.7629714740565;1274.7629714740565;pickupShipment;6068627214;1000;0;5.865383333333333;11.207471;0.0;NaN;0.0;1273.7629714740565;1.0;D
vehicle_LEAD_Combustion_4;176;1274.7629714740565;1275.7629714740565;pickupShipment;6068627214;1000;0;5.865383333333333;11.207471;0.0;NaN;0.0;1274.7629714740565;1.0;D
vehicle_LEAD_Combustion_4;172;1275.7629714740565;1276.7629714740565;pickupShipment;6068627214;1000;0;5.865383333333333;11.207471;0.0;NaN;0.0;1275.7629714740565;1.0;D
vehicle_LEAD_Combustion_4;173;1291.5150019699954;1296.5150019699954;deliverShipment;1384090139;1000;0;5.865383333333333;11.945074;0.0;NaN;0.0;1291.5150019699954;5.0;1
vehicle_LEAD_Combustion_4;111;1298.3467583064828;1303.3467583064828;deliverShipment;2244471203;1000;0;5.865383333333333;12.036662;0.0;NaN;0.0;1298.3467583064828;5.0;2
vehicle_LEAD_Combustion_4;177;1305.393594212811;1310.393594212811;deliverShipment;6297154746;1000;0;5.865383333333333;12.139004;0.0;NaN;0.0;1305.393594212811;5.0;3
vehicle_LEAD_Combustion_4;33;1312.5611298777396;1317.5611298777396;deliverShipment;2244092187;1000;0;5.865383333333333;12.247381;0.0;NaN;0.0;1312.5611298777396;5.0;4
vehicle_LEAD_Combustion_4;20;1333.7107575784842;1334.7107575784842;pickupShipment;6068627214;1000;0;5.865383333333333;13.054864;0.0;NaN;0.0;1333.7107575784842;1.0;D
vehicle_LEAD_Combustion_4;166;1334.7107575784842;1335.7107575784842;pickupShipment;6068627214;1000;0;5.865383333333333;13.054864;0.0;NaN;0.0;1334.7107575784842;1.0;D
vehicle_LEAD_Combustion_4;46;1335.7107575784842;1336.7107575784842;pickupShipment;6068627214;1000;0;5.865383333333333;13.054864;0.0;NaN;0.0;1335.7107575784842;1.0;D
vehicle_LEAD_Combustion_4;226;1336.7107575784842;1337.7107575784842;pickupShipment;6068627214;1000;0;5.865383333333333;13.054864;0.0;NaN;0.0;1336.7107575784842;1.0;D
vehicle_LEAD_Combustion_4;21;1354.7261635476723;1359.7261635476723;deliverShipment;6970402888;1000;0;5.865383333333333;13.905636000000001;0.0;NaN;0.0;1354.7261635476723;5.0;1
vehicle_LEAD_Combustion_4;167;1360.9261211477572;1365.9261211477572;deliverShipment;2244092202;1000;0;5.865383333333333;13.965634000000001;0.0;NaN;0.0;1360.9261211477572;5.0;2
vehicle_LEAD_Combustion_4;47;1369.1918746162503;1374.1918746162503;deliverShipment;2244471203;1000;0;5.865383333333333;14.128922000000001;0.0;NaN;0.0;1369.1918746162503;5.0;3
vehicle_LEAD_Combustion_4;227;1374.1918746162503;1379.1918746162503;deliverShipment;2244471203;1000;0;5.865383333333333;14.128922000000001;0.0;NaN;0.0;1374.1918746162503;5.0;4
vehicle_LEAD_Combustion_4;-2;1393.862005275989;0.0;end;6068627214;1000;0;5.865383333333333;14.862430000000002;0.0;NaN;0.0;1393.862005275989;-1393.862005275989;end
vehicle_LEAD_Combustion_19;-1;0.0;0.0;start;6068627214;1000;0;5.865383333333333;0.0;0.0;NaN;0.0;0.0;0.0;start
vehicle_LEAD_Combustion_19;220;0.0;1.0;pickupShipment;6068627214;1000;0;5.865383333333333;0.0;0.0;NaN;0.0;0.0;1.0;D
vehicle_LEAD_Combustion_19;74;1.0;2.0;pickupShipment;6068627214;1000;0;5.865383333333333;0.0;0.0;NaN;0.0;1.0;1.0;D
vehicle_LEAD_Combustion_19;106;2.0;3.0;pickupShipment;6068627214;1000;0;5.865383333333333;0.0;0.0;NaN;0.0;2.0;1.0;D
vehicle_LEAD_Combustion_19;90;3.0;4.0;pickupShipment;6068627214;1000;0;5.865383333333333;0.0;0.0;NaN;0.0;3.0;1.0;D
vehicle_LEAD_Combustion_19;221;20.16494767010466;425.0;deliverShipment;2636357128;1000;0;5.865383333333333;0.8082489999999999;0.0;NaN;0.0;20.16494767010466;404.83505232989535;1
vehicle_LEAD_Combustion_19;107;427.6750146499707;432.6750146499707;deliverShipment;2636357171;1000;0;5.865383333333333;0.942;0.0;NaN;0.0;427.6750146499707;5.0;2
vehicle_LEAD_Combustion_19;91;436.3520072959854;1116.95;deliverShipment;2636357186;1000;0;5.865383333333333;1.12585;0.0;NaN;0.0;436.3520072959854;680.5979927040146;3
vehicle_LEAD_Combustion_19;75;1118.1464376071249;1123.1464376071249;deliverShipment;6970402909;1000;0;5.865383333333333;1.185672;0.0;NaN;0.0;1118.1464376071249;5.0;4
vehicle_LEAD_Combustion_19;200;1139.9741239517523;1140.9741239517523;pickupShipment;6068627214;1000;0;5.865383333333333;2.0270580000000002;0.0;NaN;0.0;1139.9741239517523;1.0;D
vehicle_LEAD_Combustion_19;48;1140.9741239517523;1141.9741239517523;pickupShipment;6068627214;1000;0;5.865383333333333;2.0270580000000002;0.0;NaN;0.0;1140.9741239517523;1.0;D
vehicle_LEAD_Combustion_19;190;1141.9741239517523;1142.9741239517523;pickupShipment;6068627214;1000;0;5.865383333333333;2.0270580000000002;0.0;NaN;0.0;1141.9741239517523;1.0;D
vehicle_LEAD_Combustion_19;138;1142.9741239517523;1143.9741239517523;pickupShipment;6068627214;1000;0;5.865383333333333;2.0270580000000002;0.0;NaN;0.0;1142.9741239517523;1.0;D
vehicle_LEAD_Combustion_19;201;1154.5919027161947;1166.0;deliverShipment;5947870991;1000;0;5.865383333333333;2.557948;0.0;NaN;0.0;1154.5919027161947;11.408097283805319;1
vehicle_LEAD_Combustion_19;191;1168.8620142759714;1173.8620142759714;deliverShipment;6297154739;1000;0;5.865383333333333;2.7010490000000003;0.0;NaN;0.0;1168.8620142759714;5.0;2
vehicle_LEAD_Combustion_19;49;1178.1409657180686;1183.1409657180686;deliverShipment;6921021581;1000;0;5.865383333333333;2.914997;0.0;NaN;0.0;1178.1409657180686;5.0;3
vehicle_LEAD_Combustion_19;218;1195.1363817272365;1196.1363817272365;pickupShipment;6068627214;1000;0;5.865383333333333;3.5147690000000003;0.0;NaN;0.0;1195.1363817272365;1.0;D
vehicle_LEAD_Combustion_19;139;1219.4631950736098;1224.4631950736098;deliverShipment;6855610536;1000;0;5.865383333333333;4.681112000000001;0.0;NaN;0.0;1219.4631950736098;5.0;1
vehicle_LEAD_Combustion_19;219;1243.4757570484858;1248.4757570484858;deliverShipment;1764056268;1000;0;5.865383333333333;5.631742000000001;0.0;NaN;0.0;1243.4757570484858;5.0;2
vehicle_LEAD_Combustion_19;102;1290.8151323697352;1291.8151323697352;pickupShipment;6068627214;1000;0;5.865383333333333;7.748715000000001;0.0;NaN;0.0;1290.8151323697352;1.0;D
vehicle_LEAD_Combustion_19;150;1291.8151323697352;1292.8151323697352;pickupShipment;6068627214;1000;0;5.865383333333333;7.748715000000001;0.0;NaN;0.0;1291.8151323697352;1.0;D
vehicle_LEAD_Combustion_19;136;1292.8151323697352;1293.8151323697352;pickupShipment;6068627214;1000;0;5.865383333333333;7.748715000000001;0.0;NaN;0.0;1292.8151323697352;1.0;D
vehicle_LEAD_Combustion_19;82;1293.8151323697352;1294.8151323697352;pickupShipment;6068627214;1000;0;5.865383333333333;7.748715000000001;0.0;NaN;0.0;1293.8151323697352;1.0;D
vehicle_LEAD_Combustion_19;83;1311.6428187143626;1316.6428187143626;deliverShipment;6970402909;1000;0;5.865383333333333;8.590101;0.0;NaN;0.0;1311.6428187143626;5.0;1
vehicle_LEAD_Combustion_19;151;1317.000817998364;1322.000817998364;deliverShipment;6970402907;1000;0;5.865383333333333;8.608001;0.0;NaN;0.0;1317.000817998364;5.0;2
vehicle_LEAD_Combustion_19;103;1328.7255445489109;1333.7255445489109;deliverShipment;7363009587;1000;0;5.865383333333333;8.944238;0.0;NaN;0.0;1328.7255445489109;5.0;3
vehicle_LEAD_Combustion_19;12;1344.4899030201939;1345.4899030201939;pickupShipment;6068627214;1000;0;5.865383333333333;9.482457;0.0;NaN;0.0;1344.4899030201939;1.0;D
vehicle_LEAD_Combustion_19;142;1345.4899030201939;1346.4899030201939;pickupShipment;6068627214;1000;0;5.865383333333333;9.482457;0.0;NaN;0.0;1345.4899030201939;1.0;D
vehicle_LEAD_Combustion_19;168;1346.4899030201939;1347.4899030201939;pickupShipment;6068627214;1000;0;5.865383333333333;9.482457;0.0;NaN;0.0;1346.4899030201939;1.0;D
vehicle_LEAD_Combustion_19;169;1356.8079243841512;1361.8079243841512;deliverShipment;5947847658;1000;0;5.865383333333333;9.948359;0.0;NaN;0.0;1356.8079243841512;5.0;1
vehicle_LEAD_Combustion_19;137;1369.6661886676227;1374.6661886676227;deliverShipment;5324491691;1000;0;5.865383333333333;10.341273;0.0;NaN;0.0;1369.6661886676227;5.0;2
vehicle_LEAD_Combustion_19;13;1374.7042485915028;1379.7042485915028;deliverShipment;34815654;1000;0;5.865383333333333;10.343176;0.0;NaN;0.0;1374.7042485915028;5.0;3
vehicle_LEAD_Combustion_19;143;1379.7042485915028;1384.7042485915028;deliverShipment;34815654;1000;0;5.865383333333333;10.343176;0.0;NaN;0.0;1379.7042485915028;5.0;4
vehicle_LEAD_Combustion_19;-2;1401.6135947728105;0.0;end;6068627214;1000;0;5.865383333333333;11.188645;0.0;NaN;0.0;1401.6135947728105;-1401.6135947728105;end
