vehicle_id;activity_index;arrival_time;end_time;name;location_id;iterations;unassigned_jobs;runtime;distance
vehicle_LEAD_Combustion_1;-1;0.0;0.0;start;6068627214;1000;0;8.790266666666666;0.0;0.0;NaN;0.0;0.0;0.0;start
vehicle_LEAD_Combustion_1;268;0.0;1.0;pickupShipment;6068627214;1000;0;8.790266666666666;0.0;0.0;NaN;0.0;0.0;1.0;D
vehicle_LEAD_Combustion_1;166;1.0;2.0;pickupShipment;6068627214;1000;0;8.790266666666666;0.0;0.0;NaN;0.0;1.0;1.0;D
vehicle_LEAD_Combustion_1;94;2.0;3.0;pickupShipment;6068627214;1000;0;8.790266666666666;0.0;0.0;NaN;0.0;2.0;1.0;D
vehicle_LEAD_Combustion_1;122;3.0;4.0;pickupShipment;6068627214;1000;0;8.790266666666666;0.0;0.0;NaN;0.0;3.0;1.0;D
vehicle_LEAD_Combustion_1;123;20.16494767010466;425.0;deliverShipment;2636357128;1000;0;8.790266666666666;0.8082489999999999;0.0;NaN;0.0;20.16494767010466;404.83505232989535;1
vehicle_LEAD_Combustion_1;95;427.5704948590103;432.5704948590103;deliverShipment;2636357179;1000;0;8.790266666666666;0.9367739999999999;0.0;NaN;0.0;427.5704948590103;5.0;2
vehicle_LEAD_Combustion_1;269;432.89741420517163;437.89741420517163;deliverShipment;2636357171;1000;0;8.790266666666666;0.9531199999999999;0.0;NaN;0.0;432.89741420517163;5.0;3
vehicle_LEAD_Combustion_1;104;456.30593738812524;457.30593738812524;pickupShipment;6068627214;1000;0;8.790266666666666;1.873548;0.0;NaN;0.0;456.30593738812524;1.0;D
vehicle_LEAD_Combustion_1;226;457.30593738812524;458.30593738812524;pickupShipment;6068627214;1000;0;8.790266666666666;1.873548;0.0;NaN;0.0;457.30593738812524;1.0;D
vehicle_LEAD_Combustion_1;4;458.30593738812524;459.30593738812524;pickupShipment;6068627214;1000;0;8.790266666666666;1.873548;0.0;NaN;0.0;458.30593738812524;1.0;D
vehicle_LEAD_Combustion_1;105;468.15475969048066;473.15475969048066;deliverShipment;4574272246;1000;0;8.790266666666666;2.3159899999999998;0.0;NaN;0.0;468.15475969048066;5.0;1
vehicle_LEAD_Combustion_1;227;475.5387949224102;480.5387949224102;deliverShipment;5947847669;1000;0;8.790266666666666;2.435192;0.0;NaN;0.0;475.5387949224102;5.0;2
vehicle_LEAD_Combustion_1;5;480.5387949224102;485.5387949224102;deliverShipment;5947847669;1000;0;8.790266666666666;2.435192;0.0;NaN;0.0;480.5387949224102;5.0;3
vehicle_LEAD_Combustion_1;194;492.19984160031686;493.19984160031686;pickupShipment;6068627214;1000;0;8.790266666666666;2.768245;0.0;NaN;0.0;492.19984160031686;1.0;D
vehicle_LEAD_Combustion_1;384;493.19984160031686;494.19984160031686;pickupShipment;6068627214;1000;0;8.790266666666666;2.768245;0.0;NaN;0.0;493.19984160031686;1.0;D
vehicle_LEAD_Combustion_1;58;494.19984160031686;495.19984160031686;pickupShipment;6068627214;1000;0;8.790266666666666;2.768245;0.0;NaN;0.0;494.19984160031686;1.0;D
vehicle_LEAD_Combustion_1;385;507.29795740408525;512.2979574040853;deliverShipment;35678579;1000;0;8.790266666666666;3.3731519999999997;0.0;NaN;0.0;507.29795740408525;5.000000000000057;1
vehicle_LEAD_Combustion_1;59;515.1531916936167;520.1531916936167;deliverShipment;2170533264;1000;0;8.790266666666666;3.5159139999999995;0.0;NaN;0.0;515.1531916936167;5.0;2
vehicle_LEAD_Combustion_1;195;520.1531916936167;525.1531916936167;deliverShipment;2170533264;1000;0;8.790266666666666;3.5159139999999995;0.0;NaN;0.0;520.1531916936167;5.0;3
vehicle_LEAD_Combustion_1;288;538.2039655920689;539.2039655920689;pickupShipment;6068627214;1000;0;8.790266666666666;4.168454;0.0;NaN;0.0;538.2039655920689;1.0;D
vehicle_LEAD_Combustion_1;402;539.2039655920689;540.2039655920689;pickupShipment;6068627214;1000;0;8.790266666666666;4.168454;0.0;NaN;0.0;539.2039655920689;1.0;D
vehicle_LEAD_Combustion_1;350;540.2039655920689;541.2039655920689;pickupShipment;6068627214;1000;0;8.790266666666666;4.168454;0.0;NaN;0.0;540.2039655920689;1.0;D
vehicle_LEAD_Combustion_1;289;545.3653972692056;550.3653972692056;deliverShipment;5947847667;1000;0;8.790266666666666;4.376525999999999;0.0;NaN;0.0;545.3653972692056;5.0;1
vehicle_LEAD_Combustion_1;403;552.477253045494;557.477253045494;deliverShipment;25312133;1000;0;8.790266666666666;4.482118999999999;0.0;NaN;0.0;552.477253045494;5.0;2
vehicle_LEAD_Combustion_1;351;557.477253045494;562.477253045494;deliverShipment;25312133;1000;0;8.790266666666666;4.482118999999999;0.0;NaN;0.0;557.477253045494;5.0;3
vehicle_LEAD_Combustion_1;132;568.3758212483575;569.3758212483575;pickupShipment;6068627214;1000;0;8.790266666666666;4.777047999999999;0.0;NaN;0.0;568.3758212483575;1.0;D
vehicle_LEAD_Combustion_1;354;569.3758212483575;570.3758212483575;pickupShipment;6068627214;1000;0;8.790266666666666;4.777047999999999;0.0;NaN;0.0;569.3758212483575;1.0;D
vehicle_LEAD_Combustion_1;254;570.3758212483575;571.3758212483575;pickupShipment;6068627214;1000;0;8.790266666666666;4.777047999999999;0.0;NaN;0.0;570.3758212483575;1.0;D
vehicle_LEAD_Combustion_1;133;577.8417683164633;582.8417683164633;deliverShipment;5947847663;1000;0;8.790266666666666;5.100345999999999;0.0;NaN;0.0;577.8417683164633;5.0;1
vehicle_LEAD_Combustion_1;355;583.0368679262641;588.0368679262641;deliverShipment;5947847669;1000;0;8.790266666666666;5.110100999999999;0.0;NaN;0.0;583.0368679262641;5.0;2
vehicle_LEAD_Combustion_1;255;588.0368679262641;593.0368679262641;deliverShipment;5947847669;1000;0;8.790266666666666;5.110100999999999;0.0;NaN;0.0;588.0368679262641;5.0;3
vehicle_LEAD_Combustion_1;150;599.6979146041707;600.6979146041707;pickupShipment;6068627214;1000;0;8.790266666666666;5.443153999999999;0.0;NaN;0.0;599.6979146041707;1.0;D
vehicle_LEAD_Combustion_1;406;600.6979146041707;601.6979146041707;pickupShipment;6068627214;1000;0;8.790266666666666;5.443153999999999;0.0;NaN;0.0;600.6979146041707;1.0;D
vehicle_LEAD_Combustion_1;84;601.6979146041707;602.6979146041707;pickupShipment;6068627214;1000;0;8.790266666666666;5.443153999999999;0.0;NaN;0.0;601.6979146041707;1.0;D
vehicle_LEAD_Combustion_1;167;619.9923600152799;624.9923600152799;deliverShipment;7545572012;1000;0;8.790266666666666;6.307877999999999;0.0;NaN;0.0;619.9923600152799;5.0;1
vehicle_LEAD_Combustion_1;85;626.7440565118869;631.7440565118869;deliverShipment;7545572016;1000;0;8.790266666666666;6.395462999999999;0.0;NaN;0.0;626.7440565118869;5.0;2
vehicle_LEAD_Combustion_1;407;631.7440565118869;642.8833333333333;deliverShipment;7545572016;1000;0;8.790266666666666;6.395462999999999;0.0;NaN;0.0;631.7440565118869;11.139276821446401;3
vehicle_LEAD_Combustion_1;76;661.4833561332878;662.4833561332878;pickupShipment;6068627214;1000;0;8.790266666666666;7.325465999999999;0.0;NaN;0.0;661.4833561332878;1.0;D
vehicle_LEAD_Combustion_1;190;662.4833561332878;663.4833561332878;pickupShipment;6068627214;1000;0;8.790266666666666;7.325465999999999;0.0;NaN;0.0;662.4833561332878;1.0;D
vehicle_LEAD_Combustion_1;191;663.4833561332878;668.4833561332878;deliverShipment;6068627214;1000;0;8.790266666666666;7.325465999999999;0.0;NaN;0.0;663.4833561332878;5.0;1
vehicle_LEAD_Combustion_1;386;668.4833561332878;669.4833561332878;pickupShipment;6068627214;1000;0;8.790266666666666;7.325465999999999;0.0;NaN;0.0;668.4833561332878;1.0;D
vehicle_LEAD_Combustion_1;62;669.4833561332878;670.4833561332878;pickupShipment;6068627214;1000;0;8.790266666666666;7.325465999999999;0.0;NaN;0.0;669.4833561332878;1.0;D
vehicle_LEAD_Combustion_1;77;679.3870183259634;727.65;deliverShipment;25312123;1000;0;8.790266666666666;7.770649999999999;0.0;NaN;0.0;679.3870183259634;48.26298167403661;1
vehicle_LEAD_Combustion_1;387;727.65;732.65;deliverShipment;25312123;1000;0;8.790266666666666;7.770649999999999;0.0;NaN;0.0;727.65;5.0;2
vehicle_LEAD_Combustion_1;63;732.65;737.65;deliverShipment;25312123;1000;0;8.790266666666666;7.770649999999999;0.0;NaN;0.0;732.65;5.0;3
vehicle_LEAD_Combustion_1;326;746.5536621926756;747.5536621926756;pickupShipment;6068627214;1000;0;8.790266666666666;8.215834;0.0;NaN;0.0;746.5536621926756;1.0;D
vehicle_LEAD_Combustion_1;96;747.5536621926756;748.5536621926756;pickupShipment;6068627214;1000;0;8.790266666666666;8.215834;0.0;NaN;0.0;747.5536621926756;1.0;D
vehicle_LEAD_Combustion_1;114;748.5536621926756;749.5536621926756;pickupShipment;6068627214;1000;0;8.790266666666666;8.215834;0.0;NaN;0.0;748.5536621926756;1.0;D
vehicle_LEAD_Combustion_1;97;755.7850497299005;760.7850497299005;deliverShipment;25312138;1000;0;8.790266666666666;8.527403999999999;0.0;NaN;0.0;755.7850497299005;5.0;1
vehicle_LEAD_Combustion_1;115;760.7850497299005;765.7850497299005;deliverShipment;25312138;1000;0;8.790266666666666;8.527403999999999;0.0;NaN;0.0;760.7850497299005;5.0;2
vehicle_LEAD_Combustion_1;310;772.0164372671254;773.0164372671254;pickupShipment;6068627214;1000;0;8.790266666666666;8.838973999999999;0.0;NaN;0.0;772.0164372671254;1.0;D
vehicle_LEAD_Combustion_1;142;773.0164372671254;774.0164372671254;pickupShipment;6068627214;1000;0;8.790266666666666;8.838973999999999;0.0;NaN;0.0;773.0164372671254;1.0;D
vehicle_LEAD_Combustion_1;327;783.153218993562;788.153218993562;deliverShipment;5947847657;1000;0;8.790266666666666;9.295813999999998;0.0;NaN;0.0;783.153218993562;5.0;1
vehicle_LEAD_Combustion_1;143;788.3552185895628;793.3552185895628;deliverShipment;5947847660;1000;0;8.790266666666666;9.305913999999998;0.0;NaN;0.0;788.3552185895628;5.0;2
vehicle_LEAD_Combustion_1;311;793.3552185895628;798.3552185895628;deliverShipment;5947847660;1000;0;8.790266666666666;9.305913999999998;0.0;NaN;0.0;793.3552185895628;5.0;3
vehicle_LEAD_Combustion_1;412;807.6939999120002;808.6939999120002;pickupShipment;6068627214;1000;0;8.790266666666666;9.772853999999997;0.0;NaN;0.0;807.6939999120002;1.0;D
vehicle_LEAD_Combustion_1;38;808.6939999120002;809.6939999120002;pickupShipment;6068627214;1000;0;8.790266666666666;9.772853999999997;0.0;NaN;0.0;808.6939999120002;1.0;D
vehicle_LEAD_Combustion_1;196;809.6939999120002;810.6939999120002;pickupShipment;6068627214;1000;0;8.790266666666666;9.772853999999997;0.0;NaN;0.0;809.6939999120002;1.0;D
vehicle_LEAD_Combustion_1;197;828.2967847064306;833.2967847064306;deliverShipment;5947847652;1000;0;8.790266666666666;10.652994999999997;0.0;NaN;0.0;828.2967847064306;5.0;1
vehicle_LEAD_Combustion_1;413;834.5679021641956;839.5679021641956;deliverShipment;5947847653;1000;0;8.790266666666666;10.716550999999997;0.0;NaN;0.0;834.5679021641956;5.0;2
vehicle_LEAD_Combustion_1;39;843.2977747044506;848.2977747044506;deliverShipment;35678579;1000;0;8.790266666666666;10.903044999999997;0.0;NaN;0.0;843.2977747044506;5.0;3
vehicle_LEAD_Combustion_1;112;860.3958905082189;861.3958905082189;pickupShipment;6068627214;1000;0;8.790266666666666;11.507951999999998;0.0;NaN;0.0;860.3958905082189;1.0;D
vehicle_LEAD_Combustion_1;398;861.3958905082189;862.3958905082189;pickupShipment;6068627214;1000;0;8.790266666666666;11.507951999999998;0.0;NaN;0.0;861.3958905082189;1.0;D
vehicle_LEAD_Combustion_1;324;862.3958905082189;863.3958905082189;pickupShipment;6068627214;1000;0;8.790266666666666;11.507951999999998;0.0;NaN;0.0;862.3958905082189;1.0;D
vehicle_LEAD_Combustion_1;113;874.1869889260221;879.1869889260221;deliverShipment;3246517575;1000;0;8.790266666666666;12.047507999999997;0.0;NaN;0.0;874.1869889260221;5.0;1
vehicle_LEAD_Combustion_1;399;879.1869889260221;949.55;deliverShipment;3246517575;1000;0;8.790266666666666;12.047507999999997;0.0;NaN;0.0;879.1869889260221;70.36301107397787;2
vehicle_LEAD_Combustion_1;325;949.55;995.1833333333333;deliverShipment;3246517575;1000;0;8.790266666666666;12.047507999999997;0.0;NaN;0.0;949.55;45.633333333333326;3
vehicle_LEAD_Combustion_1;162;1005.9744317511364;1006.9744317511364;pickupShipment;6068627214;1000;0;8.790266666666666;12.587063999999996;0.0;NaN;0.0;1005.9744317511364;1.0;D
vehicle_LEAD_Combustion_1;360;1006.9744317511364;1007.9744317511364;pickupShipment;6068627214;1000;0;8.790266666666666;12.587063999999996;0.0;NaN;0.0;1006.9744317511364;1.0;D
vehicle_LEAD_Combustion_1;304;1007.9744317511364;1008.9744317511364;pickupShipment;6068627214;1000;0;8.790266666666666;12.587063999999996;0.0;NaN;0.0;1007.9744317511364;1.0;D
vehicle_LEAD_Combustion_1;361;1013.1358634282731;1018.1358634282731;deliverShipment;5947847667;1000;0;8.790266666666666;12.795135999999996;0.0;NaN;0.0;1013.1358634282731;5.0;1
vehicle_LEAD_Combustion_1;305;1019.2844611310777;1075.6333333333334;deliverShipment;35678668;1000;0;8.790266666666666;12.852565999999996;0.0;NaN;0.0;1019.2844611310777;56.348872202255734;2
vehicle_LEAD_Combustion_1;163;1078.0278685442631;1083.0278685442631;deliverShipment;4574272238;1000;0;8.790266666666666;12.972292999999995;0.0;NaN;0.0;1078.0278685442631;5.0;3
vehicle_LEAD_Combustion_1;362;1085.5686434627132;1086.5686434627132;pickupShipment;6068627214;1000;0;8.790266666666666;13.099331999999995;0.0;NaN;0.0;1085.5686434627132;1.0;D
vehicle_LEAD_Combustion_1;260;1086.5686434627132;1087.5686434627132;pickupShipment;6068627214;1000;0;8.790266666666666;13.099331999999995;0.0;NaN;0.0;1086.5686434627132;1.0;D
vehicle_LEAD_Combustion_1;280;1087.5686434627132;1088.5686434627132;pickupShipment;6068627214;1000;0;8.790266666666666;13.099331999999995;0.0;NaN;0.0;1087.5686434627132;1.0;D
vehicle_LEAD_Combustion_1;281;1090.8334789330422;1095.8334789330422;deliverShipment;5947870999;1000;0;8.790266666666666;13.212573999999995;0.0;NaN;0.0;1090.8334789330422;5.0;1
vehicle_LEAD_Combustion_1;172;1098.0983144033712;1099.0983144033712;pickupShipment;6068627214;1000;0;8.790266666666666;13.325815999999994;0.0;NaN;0.0;1098.0983144033712;1.0;D
vehicle_LEAD_Combustion_1;173;1106.770599058802;1120.4666666666667;deliverShipment;7363009590;1000;0;8.790266666666666;13.709430999999995;0.0;NaN;0.0;1106.770599058802;13.696067607864734;1
vehicle_LEAD_Combustion_1;363;1129.7441081117838;1134.7441081117838;deliverShipment;34815654;1000;0;8.790266666666666;14.173303999999995;0.0;NaN;0.0;1129.7441081117838;5.0;2
vehicle_LEAD_Combustion_1;261;1139.9376777246446;1144.9376777246446;deliverShipment;5947847669;1000;0;8.790266666666666;14.432982999999995;0.0;NaN;0.0;1139.9376777246446;5.0;3
vehicle_LEAD_Combustion_1;16;1151.5987244025512;1152.5987244025512;pickupShipment;6068627214;1000;0;8.790266666666666;14.766035999999994;0.0;NaN;0.0;1151.5987244025512;1.0;D
vehicle_LEAD_Combustion_1;200;1152.5987244025512;1153.5987244025512;pickupShipment;6068627214;1000;0;8.790266666666666;14.766035999999994;0.0;NaN;0.0;1152.5987244025512;1.0;D
vehicle_LEAD_Combustion_1;394;1153.5987244025512;1154.5987244025512;pickupShipment;6068627214;1000;0;8.790266666666666;14.766035999999994;0.0;NaN;0.0;1153.5987244025512;1.0;D
vehicle_LEAD_Combustion_1;201;1162.271009057982;1167.271009057982;deliverShipment;7363009590;1000;0;8.790266666666666;15.149650999999995;0.0;NaN;0.0;1162.271009057982;5.0;1
vehicle_LEAD_Combustion_1;395;1170.4147627704745;1175.4147627704745;deliverShipment;7363009588;1000;0;8.790266666666666;15.306838999999995;0.0;NaN;0.0;1170.4147627704745;5.0;2
vehicle_LEAD_Combustion_1;17;1180.3322329355342;1185.3322329355342;deliverShipment;25312133;1000;0;8.790266666666666;15.552712999999995;0.0;NaN;0.0;1180.3322329355342;5.0;3
vehicle_LEAD_Combustion_1;344;1191.2308011383977;1192.2308011383977;pickupShipment;6068627214;1000;0;8.790266666666666;15.847641999999995;0.0;NaN;0.0;1191.2308011383977;1.0;D
vehicle_LEAD_Combustion_1;338;1192.2308011383977;1193.2308011383977;pickupShipment;6068627214;1000;0;8.790266666666666;15.847641999999995;0.0;NaN;0.0;1192.2308011383977;1.0;D
vehicle_LEAD_Combustion_1;214;1193.2308011383977;1194.2308011383977;pickupShipment;6068627214;1000;0;8.790266666666666;15.847641999999995;0.0;NaN;0.0;1193.2308011383977;1.0;D
vehicle_LEAD_Combustion_1;345;1202.2054251891495;1207.2054251891495;deliverShipment;6297154743;1000;0;8.790266666666666;16.246373999999996;0.0;NaN;0.0;1202.2054251891495;5.0;1
vehicle_LEAD_Combustion_1;339;1207.2054251891495;1212.2054251891495;deliverShipment;6297154743;1000;0;8.790266666666666;16.246373999999996;0.0;NaN;0.0;1207.2054251891495;5.0;2
vehicle_LEAD_Combustion_1;215;1212.2054251891495;1217.2054251891495;deliverShipment;6297154743;1000;0;8.790266666666666;16.246373999999996;0.0;NaN;0.0;1212.2054251891495;5.0;3
vehicle_LEAD_Combustion_1;10;1225.1800492399013;1226.1800492399013;pickupShipment;6068627214;1000;0;8.790266666666666;16.645105999999995;0.0;NaN;0.0;1225.1800492399013;1.0;D
vehicle_LEAD_Combustion_1;388;1226.1800492399013;1227.1800492399013;pickupShipment;6068627214;1000;0;8.790266666666666;16.645105999999995;0.0;NaN;0.0;1226.1800492399013;1.0;D
vehicle_LEAD_Combustion_1;178;1227.1800492399013;1228.1800492399013;pickupShipment;6068627214;1000;0;8.790266666666666;16.645105999999995;0.0;NaN;0.0;1227.1800492399013;1.0;D
vehicle_LEAD_Combustion_1;389;1244.5310765378467;1249.5310765378467;deliverShipment;5947847646;1000;0;8.790266666666666;17.462658999999995;0.0;NaN;0.0;1244.5310765378467;5.0;1
vehicle_LEAD_Combustion_1;179;1251.0065135869727;1256.0065135869727;deliverShipment;5947847652;1000;0;8.790266666666666;17.536430999999997;0.0;NaN;0.0;1251.0065135869727;5.0;2
vehicle_LEAD_Combustion_1;11;1261.9784416431166;1266.9784416431166;deliverShipment;25312123;1000;0;8.790266666666666;17.835027999999998;0.0;NaN;0.0;1261.9784416431166;5.0;3
vehicle_LEAD_Combustion_1;266;1275.8821038357923;1276.8821038357923;pickupShipment;6068627214;1000;0;8.790266666666666;18.280212;0.0;NaN;0.0;1275.8821038357923;1.0;D
vehicle_LEAD_Combustion_1;358;1276.8821038357923;1277.8821038357923;pickupShipment;6068627214;1000;0;8.790266666666666;18.280212;0.0;NaN;0.0;1276.8821038357923;1.0;D
vehicle_LEAD_Combustion_1;24;1277.8821038357923;1278.8821038357923;pickupShipment;6068627214;1000;0;8.790266666666666;18.280212;0.0;NaN;0.0;1277.8821038357923;1.0;D
vehicle_LEAD_Combustion_1;267;1290.77262005476;1295.77262005476;deliverShipment;2170533263;1000;0;8.790266666666666;18.874738999999998;0.0;NaN;0.0;1290.77262005476;5.0;1
vehicle_LEAD_Combustion_1;359;1295.77262005476;1300.77262005476;deliverShipment;2170533263;1000;0;8.790266666666666;18.874738999999998;0.0;NaN;0.0;1295.77262005476;5.0;2
vehicle_LEAD_Combustion_1;25;1300.77262005476;1305.77262005476;deliverShipment;2170533263;1000;0;8.790266666666666;18.874738999999998;0.0;NaN;0.0;1300.77262005476;5.0;3
vehicle_LEAD_Combustion_1;30;1317.6631362737276;1318.6631362737276;pickupShipment;6068627214;1000;0;8.790266666666666;19.469265999999998;0.0;NaN;0.0;1317.6631362737276;1.0;D
vehicle_LEAD_Combustion_1;128;1318.6631362737276;1319.6631362737276;pickupShipment;6068627214;1000;0;8.790266666666666;19.469265999999998;0.0;NaN;0.0;1318.6631362737276;1.0;D
vehicle_LEAD_Combustion_1;230;1319.6631362737276;1320.6631362737276;pickupShipment;6068627214;1000;0;8.790266666666666;19.469265999999998;0.0;NaN;0.0;1319.6631362737276;1.0;D
vehicle_LEAD_Combustion_1;231;1341.0530954938092;1346.0530954938092;deliverShipment;7362966881;1000;0;8.790266666666666;20.488766;0.0;NaN;0.0;1341.0530954938092;5.0;1
vehicle_LEAD_Combustion_1;129;1347.3367529264945;1352.3367529264945;deliverShipment;16564347;1000;0;8.790266666666666;20.552948999999998;0.0;NaN;0.0;1347.3367529264945;5.0;2
vehicle_LEAD_Combustion_1;31;1354.9126277747448;1359.9126277747448;deliverShipment;4732532623;1000;0;8.790266666666666;20.681742999999997;0.0;NaN;0.0;1354.9126277747448;5.0;3
vehicle_LEAD_Combustion_1;151;1365.431876736247;1370.431876736247;deliverShipment;16564356;1000;0;8.790266666666666;20.957705999999998;0.0;NaN;0.0;1365.431876736247;5.0;4
vehicle_LEAD_Combustion_1;-2;1388.217981164038;0.0;end;6068627214;1000;0;8.790266666666666;21.847012999999997;0.0;NaN;0.0;1388.217981164038;-1388.217981164038;end
vehicle_LEAD_Combustion_2;-1;0.0;0.0;start;6068627214;1000;0;8.790266666666666;0.0;0.0;NaN;0.0;0.0;0.0;start
vehicle_LEAD_Combustion_2;50;0.0;1.0;pickupShipment;6068627214;1000;0;8.790266666666666;0.0;0.0;NaN;0.0;0.0;1.0;D
vehicle_LEAD_Combustion_2;64;1.0;2.0;pickupShipment;6068627214;1000;0;8.790266666666666;0.0;0.0;NaN;0.0;1.0;1.0;D
vehicle_LEAD_Combustion_2;130;2.0;3.0;pickupShipment;6068627214;1000;0;8.790266666666666;0.0;0.0;NaN;0.0;2.0;1.0;D
vehicle_LEAD_Combustion_2;78;3.0;4.0;pickupShipment;6068627214;1000;0;8.790266666666666;0.0;0.0;NaN;0.0;3.0;1.0;D
vehicle_LEAD_Combustion_2;131;20.909346181307637;425.0;deliverShipment;34815654;1000;0;8.790266666666666;0.8454689999999999;0.0;NaN;0.0;20.909346181307637;404.0906538186924;1
vehicle_LEAD_Combustion_2;51;427.3699752600495;432.3699752600495;deliverShipment;7545572182;1000;0;8.790266666666666;0.9639679999999999;0.0;NaN;0.0;427.3699752600495;5.0;2
vehicle_LEAD_Combustion_2;79;432.3699752600495;437.3699752600495;deliverShipment;7545572182;1000;0;8.790266666666666;0.9639679999999999;0.0;NaN;0.0;432.3699752600495;5.0;3
vehicle_LEAD_Combustion_2;65;439.739950520099;444.739950520099;deliverShipment;34815654;1000;0;8.790266666666666;1.0824669999999998;0.0;NaN;0.0;439.739950520099;5.0;4
vehicle_LEAD_Combustion_2;312;461.6492967014066;462.6492967014066;pickupShipment;6068627214;1000;0;8.790266666666666;1.9279359999999999;0.0;NaN;0.0;461.6492967014066;1.0;D
vehicle_LEAD_Combustion_2;340;462.6492967014066;463.6492967014066;pickupShipment;6068627214;1000;0;8.790266666666666;1.9279359999999999;0.0;NaN;0.0;462.6492967014066;1.0;D
vehicle_LEAD_Combustion_2;372;463.6492967014066;464.6492967014066;pickupShipment;6068627214;1000;0;8.790266666666666;1.9279359999999999;0.0;NaN;0.0;463.6492967014066;1.0;D
vehicle_LEAD_Combustion_2;370;464.6492967014066;465.6492967014066;pickupShipment;6068627214;1000;0;8.790266666666666;1.9279359999999999;0.0;NaN;0.0;464.6492967014066;1.0;D
vehicle_LEAD_Combustion_2;371;477.1396537206926;482.1396537206926;deliverShipment;5947881177;1000;0;8.790266666666666;2.502455;0.0;NaN;0.0;477.1396537206926;5.0;1
vehicle_LEAD_Combustion_2;373;486.12228575542855;491.12228575542855;deliverShipment;829114775;1000;0;8.790266666666666;2.701587;0.0;NaN;0.0;486.12228575542855;5.0;2
vehicle_LEAD_Combustion_2;341;491.12228575542855;496.12228575542855;deliverShipment;829114775;1000;0;8.790266666666666;2.701587;0.0;NaN;0.0;491.12228575542855;5.0;3
vehicle_LEAD_Combustion_2;86;511.5952748094504;512.5952748094504;pickupShipment;6068627214;1000;0;8.790266666666666;3.475238;0.0;NaN;0.0;511.5952748094504;1.0;D
vehicle_LEAD_Combustion_2;234;512.5952748094504;513.5952748094504;pickupShipment;6068627214;1000;0;8.790266666666666;3.475238;0.0;NaN;0.0;512.5952748094504;1.0;D
vehicle_LEAD_Combustion_2;87;516.8026683946632;521.8026683946632;deliverShipment;5947870997;1000;0;8.790266666666666;3.635608;0.0;NaN;0.0;516.8026683946632;5.0;1
vehicle_LEAD_Combustion_2;235;551.7817684364632;556.7817684364632;deliverShipment;830280561;1000;0;8.790266666666666;5.134566;0.0;NaN;0.0;551.7817684364632;5.0;2
vehicle_LEAD_Combustion_2;352;587.7181265637469;588.7181265637469;pickupShipment;6068627214;1000;0;8.790266666666666;6.681387000000001;0.0;NaN;0.0;587.7181265637469;1.0;D
vehicle_LEAD_Combustion_2;158;588.7181265637469;589.7181265637469;pickupShipment;6068627214;1000;0;8.790266666666666;6.681387000000001;0.0;NaN;0.0;588.7181265637469;1.0;D
vehicle_LEAD_Combustion_2;376;589.7181265637469;590.7181265637469;pickupShipment;6068627214;1000;0;8.790266666666666;6.681387000000001;0.0;NaN;0.0;589.7181265637469;1.0;D
vehicle_LEAD_Combustion_2;313;617.7802524394951;622.7802524394951;deliverShipment;831557317;1000;0;8.790266666666666;8.034496;0.0;NaN;0.0;617.7802524394951;5.0;1
vehicle_LEAD_Combustion_2;377;629.2043795912408;634.2043795912408;deliverShipment;35181052;1000;0;8.790266666666666;8.355703;0.0;NaN;0.0;629.2043795912408;5.0;2
vehicle_LEAD_Combustion_2;353;638.4319711360578;643.4319711360578;deliverShipment;33255445;1000;0;8.790266666666666;8.567083;0.0;NaN;0.0;638.4319711360578;5.0;3
vehicle_LEAD_Combustion_2;159;649.6237987524025;749.45;deliverShipment;6970402896;1000;0;8.790266666666666;8.876675;0.0;NaN;0.0;649.6237987524025;99.82620124759751;4
vehicle_LEAD_Combustion_2;336;770.8794171411657;771.8794171411657;pickupShipment;6068627214;1000;0;8.790266666666666;9.948148;0.0;NaN;0.0;770.8794171411657;1.0;D
vehicle_LEAD_Combustion_2;290;771.8794171411657;772.8794171411657;pickupShipment;6068627214;1000;0;8.790266666666666;9.948148;0.0;NaN;0.0;771.8794171411657;1.0;D
vehicle_LEAD_Combustion_2;244;772.8794171411657;773.8794171411657;pickupShipment;6068627214;1000;0;8.790266666666666;9.948148;0.0;NaN;0.0;772.8794171411657;1.0;D
vehicle_LEAD_Combustion_2;302;773.8794171411657;774.8794171411657;pickupShipment;6068627214;1000;0;8.790266666666666;9.948148;0.0;NaN;0.0;773.8794171411657;1.0;D
vehicle_LEAD_Combustion_2;245;776.0982947034106;781.0982947034106;deliverShipment;5947847672;1000;0;8.790266666666666;10.009091999999999;0.0;NaN;0.0;776.0982947034106;5.0;1
vehicle_LEAD_Combustion_2;34;782.3171722656555;783.3171722656555;pickupShipment;6068627214;1000;0;8.790266666666666;10.070035999999998;0.0;NaN;0.0;782.3171722656555;1.0;D
vehicle_LEAD_Combustion_2;303;785.8579471841057;790.8579471841057;deliverShipment;4574272238;1000;0;8.790266666666666;10.197074999999998;0.0;NaN;0.0;785.8579471841057;5.0;1
vehicle_LEAD_Combustion_2;208;793.3987221025559;794.3987221025559;pickupShipment;6068627214;1000;0;8.790266666666666;10.324113999999998;0.0;NaN;0.0;793.3987221025559;1.0;D
vehicle_LEAD_Combustion_2;209;800.2972903054194;805.2972903054194;deliverShipment;25312133;1000;0;8.790266666666666;10.619042999999998;0.0;NaN;0.0;800.2972903054194;5.0;1
vehicle_LEAD_Combustion_2;35;805.2972903054194;810.2972903054194;deliverShipment;25312133;1000;0;8.790266666666666;10.619042999999998;0.0;NaN;0.0;805.2972903054194;5.0;2
vehicle_LEAD_Combustion_2;337;810.2972903054194;815.2972903054194;deliverShipment;25312133;1000;0;8.790266666666666;10.619042999999998;0.0;NaN;0.0;810.2972903054194;5.0;3
vehicle_LEAD_Combustion_2;291;816.2605483789033;821.2605483789033;deliverShipment;35678668;1000;0;8.790266666666666;10.667205999999998;0.0;NaN;0.0;816.2605483789033;5.0;4
vehicle_LEAD_Combustion_2;46;826.1958585082831;827.1958585082831;pickupShipment;6068627214;1000;0;8.790266666666666;10.913971999999998;0.0;NaN;0.0;826.1958585082831;1.0;D
vehicle_LEAD_Combustion_2;90;827.1958585082831;828.1958585082831;pickupShipment;6068627214;1000;0;8.790266666666666;10.913971999999998;0.0;NaN;0.0;827.1958585082831;1.0;D
vehicle_LEAD_Combustion_2;274;828.1958585082831;829.1958585082831;pickupShipment;6068627214;1000;0;8.790266666666666;10.913971999999998;0.0;NaN;0.0;828.1958585082831;1.0;D
vehicle_LEAD_Combustion_2;2;829.1958585082831;830.1958585082831;pickupShipment;6068627214;1000;0;8.790266666666666;10.913971999999998;0.0;NaN;0.0;829.1958585082831;1.0;D
vehicle_LEAD_Combustion_2;47;850.7467374065253;855.7467374065253;deliverShipment;27503216;1000;0;8.790266666666666;11.941517999999999;0.0;NaN;0.0;850.7467374065253;5.0;1
vehicle_LEAD_Combustion_2;91;860.7810073379854;865.7810073379854;deliverShipment;5109779163;1000;0;8.790266666666666;12.193231999999998;0.0;NaN;0.0;860.7810073379854;5.0;2
vehicle_LEAD_Combustion_2;275;865.7810073379854;870.7810073379854;deliverShipment;5109779163;1000;0;8.790266666666666;12.193231999999998;0.0;NaN;0.0;865.7810073379854;5.0;3
vehicle_LEAD_Combustion_2;3;870.7810073379854;875.7810073379854;deliverShipment;5109779163;1000;0;8.790266666666666;12.193231999999998;0.0;NaN;0.0;870.7810073379854;5.0;4
vehicle_LEAD_Combustion_2;70;895.8318272363457;896.8318272363457;pickupShipment;6068627214;1000;0;8.790266666666666;13.195774999999998;0.0;NaN;0.0;895.8318272363457;1.0;D
vehicle_LEAD_Combustion_2;22;896.8318272363457;897.8318272363457;pickupShipment;6068627214;1000;0;8.790266666666666;13.195774999999998;0.0;NaN;0.0;896.8318272363457;1.0;D
vehicle_LEAD_Combustion_2;152;897.8318272363457;898.8318272363457;pickupShipment;6068627214;1000;0;8.790266666666666;13.195774999999998;0.0;NaN;0.0;897.8318272363457;1.0;D
vehicle_LEAD_Combustion_2;202;898.8318272363457;899.8318272363457;pickupShipment;6068627214;1000;0;8.790266666666666;13.195774999999998;0.0;NaN;0.0;898.8318272363457;1.0;D
vehicle_LEAD_Combustion_2;71;910.6229256541488;915.6229256541488;deliverShipment;3246517575;1000;0;8.790266666666666;13.735330999999997;0.0;NaN;0.0;910.6229256541488;5.0;1
vehicle_LEAD_Combustion_2;23;919.0904587190827;924.0904587190827;deliverShipment;5273331647;1000;0;8.790266666666666;13.908707999999997;0.0;NaN;0.0;919.0904587190827;5.0;2
vehicle_LEAD_Combustion_2;153;925.5676357647286;930.5676357647286;deliverShipment;6175361290;1000;0;8.790266666666666;13.982566999999998;0.0;NaN;0.0;925.5676357647286;5.0;3
vehicle_LEAD_Combustion_2;203;939.7949973100056;960.8666666666667;deliverShipment;5947881177;1000;0;8.790266666666666;14.443935999999997;0.0;NaN;0.0;939.7949973100056;21.07166935666112;4
vehicle_LEAD_Combustion_2;216;972.3570236859526;973.3570236859526;pickupShipment;6068627214;1000;0;8.790266666666666;15.018454999999998;0.0;NaN;0.0;972.3570236859526;1.0;D
vehicle_LEAD_Combustion_2;98;973.3570236859526;974.3570236859526;pickupShipment;6068627214;1000;0;8.790266666666666;15.018454999999998;0.0;NaN;0.0;973.3570236859526;1.0;D
vehicle_LEAD_Combustion_2;206;974.3570236859526;975.3570236859526;pickupShipment;6068627214;1000;0;8.790266666666666;15.018454999999998;0.0;NaN;0.0;974.3570236859526;1.0;D
vehicle_LEAD_Combustion_2;270;975.3570236859526;976.3570236859526;pickupShipment;6068627214;1000;0;8.790266666666666;15.018454999999998;0.0;NaN;0.0;975.3570236859526;1.0;D
vehicle_LEAD_Combustion_2;217;990.0663562672875;995.0663562672875;deliverShipment;25312126;1000;0;8.790266666666666;15.703922999999998;0.0;NaN;0.0;990.0663562672875;5.0;1
vehicle_LEAD_Combustion_2;207;996.1090541818917;1038.35;deliverShipment;1384090139;1000;0;8.790266666666666;15.756057999999998;0.0;NaN;0.0;996.1090541818917;42.24094581810823;2
vehicle_LEAD_Combustion_2;271;1046.0464646070707;1128.5833333333333;deliverShipment;6970402906;1000;0;8.790266666666666;16.140881999999998;0.0;NaN;0.0;1046.0464646070707;82.53686872626258;3
vehicle_LEAD_Combustion_2;99;1129.002452495095;1299.55;deliverShipment;6970402909;1000;0;8.790266666666666;16.161838;0.0;NaN;0.0;1129.002452495095;170.54754750490497;4
vehicle_LEAD_Combustion_2;106;1316.3776863446274;1317.3776863446274;pickupShipment;6068627214;1000;0;8.790266666666666;17.003224;0.0;NaN;0.0;1316.3776863446274;1.0;D
vehicle_LEAD_Combustion_2;180;1317.3776863446274;1318.3776863446274;pickupShipment;6068627214;1000;0;8.790266666666666;17.003224;0.0;NaN;0.0;1317.3776863446274;1.0;D
vehicle_LEAD_Combustion_2;342;1318.3776863446274;1319.3776863446274;pickupShipment;6068627214;1000;0;8.790266666666666;17.003224;0.0;NaN;0.0;1318.3776863446274;1.0;D
vehicle_LEAD_Combustion_2;414;1319.3776863446274;1320.3776863446274;pickupShipment;6068627214;1000;0;8.790266666666666;17.003224;0.0;NaN;0.0;1319.3776863446274;1.0;D
vehicle_LEAD_Combustion_2;107;1331.4882641234717;1336.4882641234717;deliverShipment;5947881175;1000;0;8.790266666666666;17.558754;0.0;NaN;0.0;1331.4882641234717;5.0;1
vehicle_LEAD_Combustion_2;343;1340.9358152283694;1345.9358152283694;deliverShipment;6921021577;1000;0;8.790266666666666;17.781132;0.0;NaN;0.0;1340.9358152283694;5.0;2
vehicle_LEAD_Combustion_2;68;1358.7059096881806;1359.7059096881806;pickupShipment;6068627214;1000;0;8.790266666666666;18.419638;0.0;NaN;0.0;1358.7059096881806;1.0;D
vehicle_LEAD_Combustion_2;181;1364.6412198175603;1369.6412198175603;deliverShipment;35678668;1000;0;8.790266666666666;18.666404;0.0;NaN;0.0;1364.6412198175603;5.0;1
vehicle_LEAD_Combustion_2;415;1370.4707981584036;1375.4707981584036;deliverShipment;5947847665;1000;0;8.790266666666666;18.707883;0.0;NaN;0.0;1370.4707981584036;5.0;2
vehicle_LEAD_Combustion_2;69;1375.6914977170045;1380.6914977170045;deliverShipment;5947847666;1000;0;8.790266666666666;18.718918;0.0;NaN;0.0;1375.6914977170045;5.0;3
vehicle_LEAD_Combustion_2;-2;1386.2006266987464;0.0;end;6068627214;1000;0;8.790266666666666;18.994374999999998;0.0;NaN;0.0;1386.2006266987464;-1386.2006266987464;end
vehicle_LEAD_Combustion_3;-1;0.0;0.0;start;6068627214;1000;0;8.790266666666666;0.0;0.0;NaN;0.0;0.0;0.0;start
vehicle_LEAD_Combustion_3;236;0.0;1.0;pickupShipment;6068627214;1000;0;8.790266666666666;0.0;0.0;NaN;0.0;0.0;1.0;D
vehicle_LEAD_Combustion_3;240;1.0;2.0;pickupShipment;6068627214;1000;0;8.790266666666666;0.0;0.0;NaN;0.0;1.0;1.0;D
vehicle_LEAD_Combustion_3;28;2.0;3.0;pickupShipment;6068627214;1000;0;8.790266666666666;0.0;0.0;NaN;0.0;2.0;1.0;D
vehicle_LEAD_Combustion_3;282;3.0;4.0;pickupShipment;6068627214;1000;0;8.790266666666666;0.0;0.0;NaN;0.0;3.0;1.0;D
vehicle_LEAD_Combustion_3;29;15.646556706886587;425.0;deliverShipment;5947847654;1000;0;8.790266666666666;0.582329;0.0;NaN;0.0;15.646556706886587;409.3534432931134;1
vehicle_LEAD_Combustion_3;241;427.30777538444926;432.30777538444926;deliverShipment;5947847660;1000;0;8.790266666666666;0.697718;0.0;NaN;0.0;427.30777538444926;5.0;2
vehicle_LEAD_Combustion_3;237;437.85582428835147;442.85582428835147;deliverShipment;5947847668;1000;0;8.790266666666666;0.9751209999999999;0.0;NaN;0.0;437.85582428835147;5.0;3
vehicle_LEAD_Combustion_3;32;446.64655670688666;447.64655670688666;pickupShipment;6068627214;1000;0;8.790266666666666;1.164658;0.0;NaN;0.0;446.64655670688666;1.0;D
vehicle_LEAD_Combustion_3;210;447.64655670688666;448.64655670688666;pickupShipment;6068627214;1000;0;8.790266666666666;1.164658;0.0;NaN;0.0;447.64655670688666;1.0;D
vehicle_LEAD_Combustion_3;382;448.64655670688666;449.64655670688666;pickupShipment;6068627214;1000;0;8.790266666666666;1.164658;0.0;NaN;0.0;448.64655670688666;1.0;D
vehicle_LEAD_Combustion_3;383;464.8527262945475;469.8527262945475;deliverShipment;27503208;1000;0;8.790266666666666;1.924968;0.0;NaN;0.0;464.8527262945475;5.0;1
vehicle_LEAD_Combustion_3;283;474.7048365903269;479.7048365903269;deliverShipment;5109779163;1000;0;8.790266666666666;2.167574;0.0;NaN;0.0;474.7048365903269;5.0;2
vehicle_LEAD_Combustion_3;33;483.58298883402244;488.58298883402244;deliverShipment;6970402901;1000;0;8.790266666666666;2.361482;0.0;NaN;0.0;483.58298883402244;5.0;3
vehicle_LEAD_Combustion_3;211;496.719612560775;501.719612560775;deliverShipment;7545602963;1000;0;8.790266666666666;2.768314;0.0;NaN;0.0;496.719612560775;5.0;4
vehicle_LEAD_Combustion_3;218;517.97548004904;518.97548004904;pickupShipment;6068627214;1000;0;8.790266666666666;3.581109;0.0;NaN;0.0;517.97548004904;1.0;D
vehicle_LEAD_Combustion_3;40;518.97548004904;519.97548004904;pickupShipment;6068627214;1000;0;8.790266666666666;3.581109;0.0;NaN;0.0;518.97548004904;1.0;D
vehicle_LEAD_Combustion_3;174;519.97548004904;520.97548004904;pickupShipment;6068627214;1000;0;8.790266666666666;3.581109;0.0;NaN;0.0;519.97548004904;1.0;D
vehicle_LEAD_Combustion_3;74;520.97548004904;521.97548004904;pickupShipment;6068627214;1000;0;8.790266666666666;3.581109;0.0;NaN;0.0;520.97548004904;1.0;D
vehicle_LEAD_Combustion_3;219;533.970896058208;538.970896058208;deliverShipment;6921021581;1000;0;8.790266666666666;4.180881;0.0;NaN;0.0;533.970896058208;5.0;1
vehicle_LEAD_Combustion_3;41;538.970896058208;543.970896058208;deliverShipment;6921021581;1000;0;8.790266666666666;4.180881;0.0;NaN;0.0;538.970896058208;5.0;2
vehicle_LEAD_Combustion_3;175;548.5388469223063;553.5388469223063;deliverShipment;2636357129;1000;0;8.790266666666666;4.409279000000001;0.0;NaN;0.0;548.5388469223063;5.0;3
vehicle_LEAD_Combustion_3;75;554.0861458277085;559.0861458277085;deliverShipment;2636357128;1000;0;8.790266666666666;4.436644;0.0;NaN;0.0;554.0861458277085;5.0;4
vehicle_LEAD_Combustion_3;52;575.2510934978131;576.2510934978131;pickupShipment;6068627214;1000;0;8.790266666666666;5.244893;0.0;NaN;0.0;575.2510934978131;1.0;D
vehicle_LEAD_Combustion_3;278;576.2510934978131;577.2510934978131;pickupShipment;6068627214;1000;0;8.790266666666666;5.244893;0.0;NaN;0.0;576.2510934978131;1.0;D
vehicle_LEAD_Combustion_3;300;577.2510934978131;578.2510934978131;pickupShipment;6068627214;1000;0;8.790266666666666;5.244893;0.0;NaN;0.0;577.2510934978131;1.0;D
vehicle_LEAD_Combustion_3;148;578.2510934978131;579.2510934978131;pickupShipment;6068627214;1000;0;8.790266666666666;5.244893;0.0;NaN;0.0;578.2510934978131;1.0;D
vehicle_LEAD_Combustion_3;149;584.1036237927525;589.1036237927525;deliverShipment;5947870995;1000;0;8.790266666666666;5.48752;0.0;NaN;0.0;584.1036237927525;5.0;1
vehicle_LEAD_Combustion_3;80;593.9561540876919;594.9561540876919;pickupShipment;6068627214;1000;0;8.790266666666666;5.730147;0.0;NaN;0.0;593.9561540876919;1.0;D
vehicle_LEAD_Combustion_3;279;606.5283309433381;611.5283309433381;deliverShipment;6921021579;1000;0;8.790266666666666;6.308757;0.0;NaN;0.0;606.5283309433381;5.0;1
vehicle_LEAD_Combustion_3;301;612.5565688868622;617.5565688868622;deliverShipment;6921021583;1000;0;8.790266666666666;6.360169;0.0;NaN;0.0;612.5565688868622;5.0;2
vehicle_LEAD_Combustion_3;81;620.9530020939958;625.9530020939958;deliverShipment;6297154743;1000;0;8.790266666666666;6.529991;0.0;NaN;0.0;620.9530020939958;5.0;3
vehicle_LEAD_Combustion_3;53;625.9530020939958;721.6;deliverShipment;6297154743;1000;0;8.790266666666666;6.529991;0.0;NaN;0.0;625.9530020939958;95.64699790600423;4
vehicle_LEAD_Combustion_3;222;729.5746240507519;730.5746240507519;pickupShipment;6068627214;1000;0;8.790266666666666;6.928723;0.0;NaN;0.0;729.5746240507519;1.0;D
vehicle_LEAD_Combustion_3;60;730.5746240507519;731.5746240507519;pickupShipment;6068627214;1000;0;8.790266666666666;6.928723;0.0;NaN;0.0;730.5746240507519;1.0;D
vehicle_LEAD_Combustion_3;168;731.5746240507519;732.5746240507519;pickupShipment;6068627214;1000;0;8.790266666666666;6.928723;0.0;NaN;0.0;731.5746240507519;1.0;D
vehicle_LEAD_Combustion_3;100;732.5746240507519;733.5746240507519;pickupShipment;6068627214;1000;0;8.790266666666666;6.928723;0.0;NaN;0.0;732.5746240507519;1.0;D
vehicle_LEAD_Combustion_3;223;748.7807936384128;753.7807936384128;deliverShipment;27503208;1000;0;8.790266666666666;7.689033;0.0;NaN;0.0;748.7807936384128;5.0;1
vehicle_LEAD_Combustion_3;169;756.1966488067025;761.1966488067025;deliverShipment;2244092199;1000;0;8.790266666666666;7.809826;0.0;NaN;0.0;756.1966488067025;5.0;2
vehicle_LEAD_Combustion_3;61;764.5605820788359;769.5605820788359;deliverShipment;34815653;1000;0;8.790266666666666;7.978023;0.0;NaN;0.0;764.5605820788359;5.0;3
vehicle_LEAD_Combustion_3;101;769.9524012951974;774.9524012951974;deliverShipment;2088132520;1000;0;8.790266666666666;7.9976140000000004;0.0;NaN;0.0;769.9524012951974;5.0;4
vehicle_LEAD_Combustion_3;348;789.602311995376;790.602311995376;pickupShipment;6068627214;1000;0;8.790266666666666;8.730111;0.0;NaN;0.0;789.602311995376;1.0;D
vehicle_LEAD_Combustion_3;294;790.602311995376;791.602311995376;pickupShipment;6068627214;1000;0;8.790266666666666;8.730111;0.0;NaN;0.0;790.602311995376;1.0;D
vehicle_LEAD_Combustion_3;126;791.602311995376;792.602311995376;pickupShipment;6068627214;1000;0;8.790266666666666;8.730111;0.0;NaN;0.0;791.602311995376;1.0;D
vehicle_LEAD_Combustion_3;18;792.602311995376;793.602311995376;pickupShipment;6068627214;1000;0;8.790266666666666;8.730111;0.0;NaN;0.0;792.602311995376;1.0;D
vehicle_LEAD_Combustion_3;19;794.8211895576209;799.8211895576209;deliverShipment;5947847672;1000;0;8.790266666666666;8.791055;0.0;NaN;0.0;794.8211895576209;5.0;1
vehicle_LEAD_Combustion_3;156;801.0400671198657;802.0400671198657;pickupShipment;6068627214;1000;0;8.790266666666666;8.851999;0.0;NaN;0.0;801.0400671198657;1.0;D
vehicle_LEAD_Combustion_3;157;811.1865488269024;816.1865488269024;deliverShipment;5947881169;1000;0;8.790266666666666;9.309323999999998;0.0;NaN;0.0;811.1865488269024;5.0;1
vehicle_LEAD_Combustion_3;349;816.1865488269024;995.9833333333333;deliverShipment;5947881169;1000;0;8.790266666666666;9.309323999999998;0.0;NaN;0.0;816.1865488269024;179.79678450643098;2
vehicle_LEAD_Combustion_3;127;996.5678121643757;1001.5678121643757;deliverShipment;5947881168;1000;0;8.790266666666666;9.338547999999998;0.0;NaN;0.0;996.5678121643757;5.0;3
vehicle_LEAD_Combustion_3;295;1002.1695509608982;1038.9666666666667;deliverShipment;5947881172;1000;0;8.790266666666666;9.368634999999998;0.0;NaN;0.0;1002.1695509608982;36.79711570576853;4
vehicle_LEAD_Combustion_3;42;1048.1304083391833;1049.1304083391833;pickupShipment;6068627214;1000;0;8.790266666666666;9.826822999999997;0.0;NaN;0.0;1048.1304083391833;1.0;D
vehicle_LEAD_Combustion_3;332;1049.1304083391833;1050.1304083391833;pickupShipment;6068627214;1000;0;8.790266666666666;9.826822999999997;0.0;NaN;0.0;1049.1304083391833;1.0;D
vehicle_LEAD_Combustion_3;198;1050.1304083391833;1051.1304083391833;pickupShipment;6068627214;1000;0;8.790266666666666;9.826822999999997;0.0;NaN;0.0;1050.1304083391833;1.0;D
vehicle_LEAD_Combustion_3;380;1051.1304083391833;1052.1304083391833;pickupShipment;6068627214;1000;0;8.790266666666666;9.826822999999997;0.0;NaN;0.0;1051.1304083391833;1.0;D
vehicle_LEAD_Combustion_3;381;1061.4691896616207;1081.7;deliverShipment;5947847660;1000;0;8.790266666666666;10.293762999999997;0.0;NaN;0.0;1061.4691896616207;20.230810338379342;1
vehicle_LEAD_Combustion_3;333;1085.8205317589366;1090.8205317589366;deliverShipment;6297154747;1000;0;8.790266666666666;10.499789999999997;0.0;NaN;0.0;1085.8205317589366;5.0;2
vehicle_LEAD_Combustion_3;43;1091.418050563899;1096.418050563899;deliverShipment;6297154746;1000;0;8.790266666666666;10.529665999999997;0.0;NaN;0.0;1091.418050563899;5.0;3
vehicle_LEAD_Combustion_3;199;1098.4648864702272;1103.4648864702272;deliverShipment;2244471203;1000;0;8.790266666666666;10.632007999999997;0.0;NaN;0.0;1098.4648864702272;5.0;4
vehicle_LEAD_Combustion_3;276;1118.135017129966;1119.135017129966;pickupShipment;6068627214;1000;0;8.790266666666666;11.365515999999998;0.0;NaN;0.0;1118.135017129966;1.0;D
vehicle_LEAD_Combustion_3;238;1119.135017129966;1120.135017129966;pickupShipment;6068627214;1000;0;8.790266666666666;11.365515999999998;0.0;NaN;0.0;1119.135017129966;1.0;D
vehicle_LEAD_Combustion_3;306;1120.135017129966;1121.135017129966;pickupShipment;6068627214;1000;0;8.790266666666666;11.365515999999998;0.0;NaN;0.0;1120.135017129966;1.0;D
vehicle_LEAD_Combustion_3;44;1121.135017129966;1122.135017129966;pickupShipment;6068627214;1000;0;8.790266666666666;11.365515999999998;0.0;NaN;0.0;1121.135017129966;1.0;D
vehicle_LEAD_Combustion_3;277;1138.9627034745934;1143.9627034745934;deliverShipment;6970402909;1000;0;8.790266666666666;12.206901999999998;0.0;NaN;0.0;1138.9627034745934;5.0;1
vehicle_LEAD_Combustion_3;307;1146.5738782522437;1151.5738782522437;deliverShipment;6970402893;1000;0;8.790266666666666;12.337460999999998;0.0;NaN;0.0;1146.5738782522437;5.0;2
vehicle_LEAD_Combustion_3;45;1151.5738782522437;1156.5738782522437;deliverShipment;6970402893;1000;0;8.790266666666666;12.337460999999998;0.0;NaN;0.0;1151.5738782522437;5.0;3
vehicle_LEAD_Combustion_3;239;1158.7985538028927;1163.7985538028927;deliverShipment;2244092199;1000;0;8.790266666666666;12.448694999999997;0.0;NaN;0.0;1158.7985538028927;5.0;4
vehicle_LEAD_Combustion_3;220;1181.420578558843;1182.420578558843;pickupShipment;6068627214;1000;0;8.790266666666666;13.329797999999997;0.0;NaN;0.0;1181.420578558843;1.0;D
vehicle_LEAD_Combustion_3;224;1182.420578558843;1183.420578558843;pickupShipment;6068627214;1000;0;8.790266666666666;13.329797999999997;0.0;NaN;0.0;1182.420578558843;1.0;D
vehicle_LEAD_Combustion_3;356;1183.420578558843;1184.420578558843;pickupShipment;6068627214;1000;0;8.790266666666666;13.329797999999997;0.0;NaN;0.0;1183.420578558843;1.0;D
vehicle_LEAD_Combustion_3;120;1184.420578558843;1185.420578558843;pickupShipment;6068627214;1000;0;8.790266666666666;13.329797999999997;0.0;NaN;0.0;1184.420578558843;1.0;D
vehicle_LEAD_Combustion_3;221;1192.0682652634696;1197.0682652634696;deliverShipment;5947847671;1000;0;8.790266666666666;13.662182999999997;0.0;NaN;0.0;1192.0682652634696;5.0;1
vehicle_LEAD_Combustion_3;188;1203.715951968096;1204.715951968096;pickupShipment;6068627214;1000;0;8.790266666666666;13.994567999999997;0.0;NaN;0.0;1203.715951968096;1.0;D
vehicle_LEAD_Combustion_3;189;1213.16135507729;1218.16135507729;deliverShipment;4574272237;1000;0;8.790266666666666;14.416838999999998;0.0;NaN;0.0;1213.16135507729;5.0;1
vehicle_LEAD_Combustion_3;121;1218.5376943246115;1223.5376943246115;deliverShipment;5947870997;1000;0;8.790266666666666;14.435655999999998;0.0;NaN;0.0;1218.5376943246115;5.0;2
vehicle_LEAD_Combustion_3;286;1226.7450879098244;1227.7450879098244;pickupShipment;6068627214;1000;0;8.790266666666666;14.596025999999998;0.0;NaN;0.0;1226.7450879098244;1.0;D
vehicle_LEAD_Combustion_3;72;1227.7450879098244;1228.7450879098244;pickupShipment;6068627214;1000;0;8.790266666666666;14.596025999999998;0.0;NaN;0.0;1227.7450879098244;1.0;D
vehicle_LEAD_Combustion_3;225;1238.1818890362222;1243.1818890362222;deliverShipment;5947881168;1000;0;8.790266666666666;15.067866999999998;0.0;NaN;0.0;1238.1818890362222;5.0;1
vehicle_LEAD_Combustion_3;357;1245.7405039189923;1250.7405039189923;deliverShipment;6921021581;1000;0;8.790266666666666;15.195797999999998;0.0;NaN;0.0;1245.7405039189923;5.0;2
vehicle_LEAD_Combustion_3;73;1250.7405039189923;1255.7405039189923;deliverShipment;6921021581;1000;0;8.790266666666666;15.195797999999998;0.0;NaN;0.0;1250.7405039189923;5.0;3
vehicle_LEAD_Combustion_3;12;1267.7359199281602;1268.7359199281602;pickupShipment;6068627214;1000;0;8.790266666666666;15.795569999999998;0.0;NaN;0.0;1267.7359199281602;1.0;D
vehicle_LEAD_Combustion_3;258;1268.7359199281602;1269.7359199281602;pickupShipment;6068627214;1000;0;8.790266666666666;15.795569999999998;0.0;NaN;0.0;1268.7359199281602;1.0;D
vehicle_LEAD_Combustion_3;110;1269.7359199281602;1270.7359199281602;pickupShipment;6068627214;1000;0;8.790266666666666;15.795569999999998;0.0;NaN;0.0;1269.7359199281602;1.0;D
vehicle_LEAD_Combustion_3;13;1272.2551768896462;1277.2551768896462;deliverShipment;917183790;1000;0;8.790266666666666;15.871532999999998;0.0;NaN;0.0;1272.2551768896462;5.0;1
vehicle_LEAD_Combustion_3;116;1278.7744338511322;1279.7744338511322;pickupShipment;6068627214;1000;0;8.790266666666666;15.947495999999997;0.0;NaN;0.0;1278.7744338511322;1.0;D
vehicle_LEAD_Combustion_3;111;1294.6019041961915;1299.6019041961915;deliverShipment;33257059;1000;0;8.790266666666666;16.688871;0.0;NaN;0.0;1294.6019041961915;5.0;1
vehicle_LEAD_Combustion_3;259;1301.3641006717985;1306.3641006717985;deliverShipment;33257060;1000;0;8.790266666666666;16.776981;0.0;NaN;0.0;1301.3641006717985;5.0;2
vehicle_LEAD_Combustion_3;287;1310.6308121383756;1315.6308121383756;deliverShipment;7362966883;1000;0;8.790266666666666;16.990317;0.0;NaN;0.0;1310.6308121383756;5.0;3
vehicle_LEAD_Combustion_3;117;1319.4445445109109;1324.4445445109109;deliverShipment;5947847658;1000;0;8.790266666666666;17.181004;0.0;NaN;0.0;1319.4445445109109;5.0;4
vehicle_LEAD_Combustion_3;-2;1333.7625658748682;0.0;end;6068627214;1000;0;8.790266666666666;17.646906;0.0;NaN;0.0;1333.7625658748682;-1333.7625658748682;end
vehicle_LEAD_Combustion_4;-1;0.0;0.0;start;6068627214;1000;0;8.790266666666666;0.0;0.0;NaN;0.0;0.0;0.0;start
vehicle_LEAD_Combustion_4;390;0.0;1.0;pickupShipment;6068627214;1000;0;8.790266666666666;0.0;0.0;NaN;0.0;0.0;1.0;D
vehicle_LEAD_Combustion_4;296;1.0;2.0;pickupShipment;6068627214;1000;0;8.790266666666666;0.0;0.0;NaN;0.0;1.0;1.0;D
vehicle_LEAD_Combustion_4;170;2.0;3.0;pickupShipment;6068627214;1000;0;8.790266666666666;0.0;0.0;NaN;0.0;2.0;1.0;D
vehicle_LEAD_Combustion_4;192;3.0;4.0;pickupShipment;6068627214;1000;0;8.790266666666666;0.0;0.0;NaN;0.0;3.0;1.0;D
vehicle_LEAD_Combustion_4;391;15.06249787500425;425.0;deliverShipment;7363009585;1000;0;8.790266666666666;0.553126;0.0;NaN;0.0;15.06249787500425;409.9375021249958;1
vehicle_LEAD_Combustion_4;297;425.0;430.0;deliverShipment;7363009585;1000;0;8.790266666666666;0.553126;0.0;NaN;0.0;425.0;5.0;2
vehicle_LEAD_Combustion_4;171;438.91868216263566;443.91868216263566;deliverShipment;5947847671;1000;0;8.790266666666666;0.999061;0.0;NaN;0.0;438.91868216263566;5.0;3
vehicle_LEAD_Combustion_4;193;443.91868216263566;448.91868216263566;deliverShipment;5947847671;1000;0;8.790266666666666;0.999061;0.0;NaN;0.0;443.91868216263566;5.0;4
vehicle_LEAD_Combustion_4;400;455.56636886726227;456.56636886726227;pickupShipment;6068627214;1000;0;8.790266666666666;1.331446;0.0;NaN;0.0;455.56636886726227;1.0;D
vehicle_LEAD_Combustion_4;118;456.56636886726227;457.56636886726227;pickupShipment;6068627214;1000;0;8.790266666666666;1.331446;0.0;NaN;0.0;456.56636886726227;1.0;D
vehicle_LEAD_Combustion_4;102;457.56636886726227;458.56636886726227;pickupShipment;6068627214;1000;0;8.790266666666666;1.331446;0.0;NaN;0.0;457.56636886726227;1.0;D
vehicle_LEAD_Combustion_4;248;458.56636886726227;459.56636886726227;pickupShipment;6068627214;1000;0;8.790266666666666;1.331446;0.0;NaN;0.0;458.56636886726227;1.0;D
vehicle_LEAD_Combustion_4;119;466.2274155451689;471.2274155451689;deliverShipment;5947847669;1000;0;8.790266666666666;1.6644989999999997;0.0;NaN;0.0;466.2274155451689;5.0;1
vehicle_LEAD_Combustion_4;103;486.83406433187133;491.83406433187133;deliverShipment;33257061;1000;0;8.790266666666666;2.444833;0.0;NaN;0.0;486.83406433187133;5.0;2
vehicle_LEAD_Combustion_4;249;491.83406433187133;496.83406433187133;deliverShipment;33257061;1000;0;8.790266666666666;2.444833;0.0;NaN;0.0;491.83406433187133;5.0;3
vehicle_LEAD_Combustion_4;401;509.68089863820273;514.6808986382027;deliverShipment;25312123;1000;0;8.790266666666666;3.0871760000000004;0.0;NaN;0.0;509.68089863820273;5.0;4
vehicle_LEAD_Combustion_4;316;523.5845608308783;524.5845608308783;pickupShipment;6068627214;1000;0;8.790266666666666;3.53236;0.0;NaN;0.0;523.5845608308783;1.0;D
vehicle_LEAD_Combustion_4;20;524.5845608308783;525.5845608308783;pickupShipment;6068627214;1000;0;8.790266666666666;3.53236;0.0;NaN;0.0;524.5845608308783;1.0;D
vehicle_LEAD_Combustion_4;6;525.5845608308783;526.5845608308783;pickupShipment;6068627214;1000;0;8.790266666666666;3.53236;0.0;NaN;0.0;525.5845608308783;1.0;D
vehicle_LEAD_Combustion_4;66;526.5845608308783;527.5845608308783;pickupShipment;6068627214;1000;0;8.790266666666666;3.53236;0.0;NaN;0.0;526.5845608308783;1.0;D
vehicle_LEAD_Combustion_4;21;531.3752932494135;536.3752932494135;deliverShipment;5947847668;1000;0;8.790266666666666;3.7218970000000002;0.0;NaN;0.0;531.3752932494135;5.0;1
vehicle_LEAD_Combustion_4;317;536.3752932494135;541.3752932494135;deliverShipment;5947847668;1000;0;8.790266666666666;3.7218970000000002;0.0;NaN;0.0;536.3752932494135;5.0;2
vehicle_LEAD_Combustion_4;14;545.1660256679487;546.1660256679487;pickupShipment;6068627214;1000;0;8.790266666666666;3.9114340000000003;0.0;NaN;0.0;545.1660256679487;1.0;D
vehicle_LEAD_Combustion_4;364;546.1660256679487;547.1660256679487;pickupShipment;6068627214;1000;0;8.790266666666666;3.9114340000000003;0.0;NaN;0.0;546.1660256679487;1.0;D
vehicle_LEAD_Combustion_4;365;560.8753582492835;565.8753582492835;deliverShipment;25312126;1000;0;8.790266666666666;4.596902;0.0;NaN;0.0;560.8753582492835;5.0;1
vehicle_LEAD_Combustion_4;67;565.8753582492835;885.4;deliverShipment;25312126;1000;0;8.790266666666666;4.596902;0.0;NaN;0.0;565.8753582492835;319.52464175071646;2
vehicle_LEAD_Combustion_4;318;899.1093325813348;900.1093325813348;pickupShipment;6068627214;1000;0;8.790266666666666;5.28237;0.0;NaN;0.0;899.1093325813348;1.0;D
vehicle_LEAD_Combustion_4;124;900.1093325813348;901.1093325813348;pickupShipment;6068627214;1000;0;8.790266666666666;5.28237;0.0;NaN;0.0;900.1093325813348;1.0;D
vehicle_LEAD_Combustion_4;319;913.2074483851031;918.2074483851031;deliverShipment;35678579;1000;0;8.790266666666666;5.887277;0.0;NaN;0.0;913.2074483851031;5.0;1
vehicle_LEAD_Combustion_4;125;918.2074483851031;923.2074483851031;deliverShipment;35678579;1000;0;8.790266666666666;5.887277;0.0;NaN;0.0;918.2074483851031;5.0;2
vehicle_LEAD_Combustion_4;7;927.1884204231591;932.1884204231591;deliverShipment;4574272246;1000;0;8.790266666666666;6.086326;0.0;NaN;0.0;927.1884204231591;5.0;3
vehicle_LEAD_Combustion_4;232;941.0372427255145;942.0372427255145;pickupShipment;6068627214;1000;0;8.790266666666666;6.5287679999999995;0.0;NaN;0.0;941.0372427255145;1.0;D
vehicle_LEAD_Combustion_4;140;942.0372427255145;943.0372427255145;pickupShipment;6068627214;1000;0;8.790266666666666;6.5287679999999995;0.0;NaN;0.0;942.0372427255145;1.0;D
vehicle_LEAD_Combustion_4;328;943.0372427255145;944.0372427255145;pickupShipment;6068627214;1000;0;8.790266666666666;6.5287679999999995;0.0;NaN;0.0;943.0372427255145;1.0;D
vehicle_LEAD_Combustion_4;329;971.6381475237049;976.6381475237049;deliverShipment;33255445;1000;0;8.790266666666666;7.908816;0.0;NaN;0.0;971.6381475237049;5.0;1
vehicle_LEAD_Combustion_4;15;978.7913632172736;983.7913632172736;deliverShipment;1754647299;1000;0;8.790266666666666;8.016477;0.0;NaN;0.0;978.7913632172736;5.0;2
vehicle_LEAD_Combustion_4;141;993.891043017914;998.891043017914;deliverShipment;27503216;1000;0;8.790266666666666;8.521462;0.0;NaN;0.0;993.891043017914;5.0;3
vehicle_LEAD_Combustion_4;233;998.891043017914;1003.891043017914;deliverShipment;27503216;1000;0;8.790266666666666;8.521462;0.0;NaN;0.0;998.891043017914;5.0;4
vehicle_LEAD_Combustion_4;242;1024.4419219161562;1025.4419219161562;pickupShipment;6068627214;1000;0;8.790266666666666;9.549008;0.0;NaN;0.0;1024.4419219161562;1.0;D
vehicle_LEAD_Combustion_4;48;1025.4419219161562;1026.4419219161562;pickupShipment;6068627214;1000;0;8.790266666666666;9.549008;0.0;NaN;0.0;1025.4419219161562;1.0;D
vehicle_LEAD_Combustion_4;314;1026.4419219161562;1027.4419219161562;pickupShipment;6068627214;1000;0;8.790266666666666;9.549008;0.0;NaN;0.0;1026.4419219161562;1.0;D
vehicle_LEAD_Combustion_4;396;1027.4419219161562;1028.4419219161562;pickupShipment;6068627214;1000;0;8.790266666666666;9.549008;0.0;NaN;0.0;1027.4419219161562;1.0;D
vehicle_LEAD_Combustion_4;397;1035.0896086207827;1040.0896086207827;deliverShipment;5947847671;1000;0;8.790266666666666;9.881393000000001;0.0;NaN;0.0;1035.0896086207827;5.0;1
vehicle_LEAD_Combustion_4;346;1046.7372953254091;1047.7372953254091;pickupShipment;6068627214;1000;0;8.790266666666666;10.213778000000001;0.0;NaN;0.0;1046.7372953254091;1.0;D
vehicle_LEAD_Combustion_4;315;1052.672605454789;1057.672605454789;deliverShipment;35678668;1000;0;8.790266666666666;10.460544;0.0;NaN;0.0;1052.672605454789;5.0;1
vehicle_LEAD_Combustion_4;404;1062.6079155841687;1063.6079155841687;pickupShipment;6068627214;1000;0;8.790266666666666;10.70731;0.0;NaN;0.0;1062.6079155841687;1.0;D
vehicle_LEAD_Combustion_4;243;1070.904860990278;1075.904860990278;deliverShipment;4574272245;1000;0;8.790266666666666;11.072158;0.0;NaN;0.0;1070.904860990278;5.0;1
vehicle_LEAD_Combustion_4;49;1075.904860990278;1086.8;deliverShipment;4574272245;1000;0;8.790266666666666;11.072158;0.0;NaN;0.0;1075.904860990278;10.895139009722016;2
vehicle_LEAD_Combustion_4;405;1092.7567080865838;1097.7567080865838;deliverShipment;6297154747;1000;0;8.790266666666666;11.369994;0.0;NaN;0.0;1092.7567080865838;5.0;3
vehicle_LEAD_Combustion_4;347;1108.554966490067;1113.554966490067;deliverShipment;3246605497;1000;0;8.790266666666666;11.909908;0.0;NaN;0.0;1108.554966490067;5.0;4
vehicle_LEAD_Combustion_4;320;1131.591670416659;1132.591670416659;pickupShipment;6068627214;1000;0;8.790266666666666;12.811745;0.0;NaN;0.0;1131.591670416659;1.0;D
vehicle_LEAD_Combustion_4;184;1132.591670416659;1133.591670416659;pickupShipment;6068627214;1000;0;8.790266666666666;12.811745;0.0;NaN;0.0;1132.591670416659;1.0;D
vehicle_LEAD_Combustion_4;212;1133.591670416659;1134.591670416659;pickupShipment;6068627214;1000;0;8.790266666666666;12.811745;0.0;NaN;0.0;1133.591670416659;1.0;D
vehicle_LEAD_Combustion_4;146;1134.591670416659;1135.591670416659;pickupShipment;6068627214;1000;0;8.790266666666666;12.811745;0.0;NaN;0.0;1134.591670416659;1.0;D
vehicle_LEAD_Combustion_4;185;1150.343700912598;1155.343700912598;deliverShipment;1384090139;1000;0;8.790266666666666;13.549348;0.0;NaN;0.0;1150.343700912598;5.0;1
vehicle_LEAD_Combustion_4;213;1156.825337949324;1161.825337949324;deliverShipment;1384090142;1000;0;8.790266666666666;13.62343;0.0;NaN;0.0;1156.825337949324;5.0;2
vehicle_LEAD_Combustion_4;147;1162.6274163451671;1167.6274163451671;deliverShipment;6970402888;1000;0;8.790266666666666;13.663534;0.0;NaN;0.0;1162.6274163451671;5.0;3
vehicle_LEAD_Combustion_4;321;1171.0194895610207;1176.0194895610207;deliverShipment;27503208;1000;0;8.790266666666666;13.833138;0.0;NaN;0.0;1171.0194895610207;5.0;4
vehicle_LEAD_Combustion_4;186;1191.2256591486814;1192.2256591486814;pickupShipment;6068627214;1000;0;8.790266666666666;14.593448;0.0;NaN;0.0;1191.2256591486814;1.0;D
vehicle_LEAD_Combustion_4;92;1192.2256591486814;1193.2256591486814;pickupShipment;6068627214;1000;0;8.790266666666666;14.593448;0.0;NaN;0.0;1192.2256591486814;1.0;D
vehicle_LEAD_Combustion_4;298;1193.2256591486814;1194.2256591486814;pickupShipment;6068627214;1000;0;8.790266666666666;14.593448;0.0;NaN;0.0;1193.2256591486814;1.0;D
vehicle_LEAD_Combustion_4;264;1194.2256591486814;1195.2256591486814;pickupShipment;6068627214;1000;0;8.790266666666666;14.593448;0.0;NaN;0.0;1194.2256591486814;1.0;D
vehicle_LEAD_Combustion_4;299;1212.0533454933088;1217.0533454933088;deliverShipment;6970402909;1000;0;8.790266666666666;15.434834;0.0;NaN;0.0;1212.0533454933088;5.0;1
vehicle_LEAD_Combustion_4;93;1224.578670442659;1229.578670442659;deliverShipment;27503215;1000;0;8.790266666666666;15.811101;0.0;NaN;0.0;1224.578670442659;5.0;2
vehicle_LEAD_Combustion_4;187;1247.5431345137308;1252.5431345137308;deliverShipment;1764056268;1000;0;8.790266666666666;16.709326;0.0;NaN;0.0;1247.5431345137308;5.0;3
vehicle_LEAD_Combustion_4;265;1276.4613866772265;1281.4613866772265;deliverShipment;2336249518;1000;0;8.790266666666666;17.905241;0.0;NaN;0.0;1276.4613866772265;5.0;4
vehicle_LEAD_Combustion_4;368;1299.8841498317001;1300.8841498317001;pickupShipment;6068627214;1000;0;8.790266666666666;18.826381;0.0;NaN;0.0;1299.8841498317001;1.0;D
vehicle_LEAD_Combustion_4;182;1300.8841498317001;1301.8841498317001;pickupShipment;6068627214;1000;0;8.790266666666666;18.826381;0.0;NaN;0.0;1300.8841498317001;1.0;D
vehicle_LEAD_Combustion_4;82;1301.8841498317001;1302.8841498317001;pickupShipment;6068627214;1000;0;8.790266666666666;18.826381;0.0;NaN;0.0;1301.8841498317001;1.0;D
vehicle_LEAD_Combustion_4;246;1302.8841498317001;1303.8841498317001;pickupShipment;6068627214;1000;0;8.790266666666666;18.826381;0.0;NaN;0.0;1302.8841498317001;1.0;D
vehicle_LEAD_Combustion_4;369;1322.1659132681732;1327.1659132681732;deliverShipment;6872884066;1000;0;8.790266666666666;19.740471000000003;0.0;NaN;0.0;1322.1659132681732;5.0;1
vehicle_LEAD_Combustion_4;88;1345.4476767046463;1346.4476767046463;pickupShipment;6068627214;1000;0;8.790266666666666;20.654561000000005;0.0;NaN;0.0;1345.4476767046463;1.0;D
vehicle_LEAD_Combustion_4;247;1358.4430927138142;1363.4430927138142;deliverShipment;6921021581;1000;0;8.790266666666666;21.254333000000006;0.0;NaN;0.0;1358.4430927138142;5.0;1
vehicle_LEAD_Combustion_4;83;1363.4430927138142;1368.4430927138142;deliverShipment;6921021581;1000;0;8.790266666666666;21.254333000000006;0.0;NaN;0.0;1363.4430927138142;5.0;2
vehicle_LEAD_Combustion_4;183;1371.5861864276267;1376.5861864276267;deliverShipment;5947881169;1000;0;8.790266666666666;21.411488000000006;0.0;NaN;0.0;1371.5861864276267;5.0;3
vehicle_LEAD_Combustion_4;89;1379.5990604018787;1384.5990604018787;deliverShipment;2175345501;1000;0;8.790266666666666;21.562132000000005;0.0;NaN;0.0;1379.5990604018787;5.0;4
vehicle_LEAD_Combustion_4;-2;1396.464256671486;0.0;end;6068627214;1000;0;8.790266666666666;22.155393000000004;0.0;NaN;0.0;1396.464256671486;-1396.464256671486;end
vehicle_LEAD_Combustion_5;-1;0.0;0.0;start;6068627214;1000;0;8.790266666666666;0.0;0.0;NaN;0.0;0.0;0.0;start
vehicle_LEAD_Combustion_5;144;0.0;1.0;pickupShipment;6068627214;1000;0;8.790266666666666;0.0;0.0;NaN;0.0;0.0;1.0;D
vehicle_LEAD_Combustion_5;392;1.0;2.0;pickupShipment;6068627214;1000;0;8.790266666666666;0.0;0.0;NaN;0.0;1.0;1.0;D
vehicle_LEAD_Combustion_5;154;2.0;3.0;pickupShipment;6068627214;1000;0;8.790266666666666;0.0;0.0;NaN;0.0;2.0;1.0;D
vehicle_LEAD_Combustion_5;256;3.0;4.0;pickupShipment;6068627214;1000;0;8.790266666666666;0.0;0.0;NaN;0.0;3.0;1.0;D
vehicle_LEAD_Combustion_5;393;14.367219265561468;425.0;deliverShipment;2244451870;1000;0;8.790266666666666;0.518362;0.0;NaN;0.0;14.367219265561468;410.63278073443854;1
vehicle_LEAD_Combustion_5;145;432.10436579126844;437.10436579126844;deliverShipment;6929508857;1000;0;8.790266666666666;0.8735809999999999;0.0;NaN;0.0;432.10436579126844;5.0;2
vehicle_LEAD_Combustion_5;257;448.2629034741931;453.2629034741931;deliverShipment;5947847672;1000;0;8.790266666666666;1.431509;0.0;NaN;0.0;448.2629034741931;5.0;3
vehicle_LEAD_Combustion_5;134;454.48178103643795;455.48178103643795;pickupShipment;6068627214;1000;0;8.790266666666666;1.4924529999999998;0.0;NaN;0.0;454.48178103643795;1.0;D
vehicle_LEAD_Combustion_5;374;455.48178103643795;456.48178103643795;pickupShipment;6068627214;1000;0;8.790266666666666;1.4924529999999998;0.0;NaN;0.0;455.48178103643795;1.0;D
vehicle_LEAD_Combustion_5;36;456.48178103643795;457.48178103643795;pickupShipment;6068627214;1000;0;8.790266666666666;1.4924529999999998;0.0;NaN;0.0;456.48178103643795;1.0;D
vehicle_LEAD_Combustion_5;155;474.497187005626;479.497187005626;deliverShipment;6970402888;1000;0;8.790266666666666;2.343225;0.0;NaN;0.0;474.497187005626;5.0;1
vehicle_LEAD_Combustion_5;37;479.497187005626;484.497187005626;deliverShipment;6970402888;1000;0;8.790266666666666;2.343225;0.0;NaN;0.0;479.497187005626;5.0;2
vehicle_LEAD_Combustion_5;375;489.5924368151264;749.5166666666667;deliverShipment;34815654;1000;0;8.790266666666666;2.597988;0.0;NaN;0.0;489.5924368151264;259.92422985154025;3
vehicle_LEAD_Combustion_5;135;752.1679213641572;757.1679213641572;deliverShipment;34815653;1000;0;8.790266666666666;2.730551;0.0;NaN;0.0;752.1679213641572;5.0;4
vehicle_LEAD_Combustion_5;228;771.4260128479742;772.4260128479742;pickupShipment;6068627214;1000;0;8.790266666666666;3.4434570000000004;0.0;NaN;0.0;771.4260128479742;1.0;D
vehicle_LEAD_Combustion_5;272;772.4260128479742;773.4260128479742;pickupShipment;6068627214;1000;0;8.790266666666666;3.4434570000000004;0.0;NaN;0.0;772.4260128479742;1.0;D
vehicle_LEAD_Combustion_5;250;773.4260128479742;774.4260128479742;pickupShipment;6068627214;1000;0;8.790266666666666;3.4434570000000004;0.0;NaN;0.0;773.4260128479742;1.0;D
vehicle_LEAD_Combustion_5;160;774.4260128479742;775.4260128479742;pickupShipment;6068627214;1000;0;8.790266666666666;3.4434570000000004;0.0;NaN;0.0;774.4260128479742;1.0;D
vehicle_LEAD_Combustion_5;251;776.6448904102191;781.6448904102191;deliverShipment;5947847672;1000;0;8.790266666666666;3.5044010000000005;0.0;NaN;0.0;776.6448904102191;5.0;1
vehicle_LEAD_Combustion_5;410;782.863767972464;783.863767972464;pickupShipment;6068627214;1000;0;8.790266666666666;3.5653450000000007;0.0;NaN;0.0;782.863767972464;1.0;D
vehicle_LEAD_Combustion_5;161;786.1375634248731;791.1375634248731;deliverShipment;7650369684;1000;0;8.790266666666666;3.6790350000000007;0.0;NaN;0.0;786.1375634248731;5.0;1
vehicle_LEAD_Combustion_5;252;793.4113588772822;794.4113588772822;pickupShipment;6068627214;1000;0;8.790266666666666;3.792725000000001;0.0;NaN;0.0;793.4113588772822;1.0;D
vehicle_LEAD_Combustion_5;253;806.4067748864502;909.5666666666667;deliverShipment;6921021581;1000;0;8.790266666666666;4.3924970000000005;0.0;NaN;0.0;806.4067748864502;103.15989178021653;1
vehicle_LEAD_Combustion_5;229;909.5666666666667;961.1333333333333;deliverShipment;6921021581;1000;0;8.790266666666666;4.3924970000000005;0.0;NaN;0.0;909.5666666666667;51.566666666666606;2
vehicle_LEAD_Combustion_5;411;961.1333333333333;966.1333333333333;deliverShipment;6921021581;1000;0;8.790266666666666;4.3924970000000005;0.0;NaN;0.0;961.1333333333333;5.0;3
vehicle_LEAD_Combustion_5;378;978.1287493425014;979.1287493425014;pickupShipment;6068627214;1000;0;8.790266666666666;4.992269;0.0;NaN;0.0;978.1287493425014;1.0;D
vehicle_LEAD_Combustion_5;322;979.1287493425014;980.1287493425014;pickupShipment;6068627214;1000;0;8.790266666666666;4.992269;0.0;NaN;0.0;979.1287493425014;1.0;D
vehicle_LEAD_Combustion_5;308;980.1287493425014;981.1287493425014;pickupShipment;6068627214;1000;0;8.790266666666666;4.992269;0.0;NaN;0.0;980.1287493425014;1.0;D
vehicle_LEAD_Combustion_5;309;997.9564356871286;1002.9564356871286;deliverShipment;6970402909;1000;0;8.790266666666666;5.833655;0.0;NaN;0.0;997.9564356871286;5.0;1
vehicle_LEAD_Combustion_5;323;1002.9564356871286;1007.9564356871286;deliverShipment;6970402909;1000;0;8.790266666666666;5.833655;0.0;NaN;0.0;1002.9564356871286;5.0;2
vehicle_LEAD_Combustion_5;56;1024.784122031756;1025.784122031756;pickupShipment;6068627214;1000;0;8.790266666666666;6.675041;0.0;NaN;0.0;1024.784122031756;1.0;D
vehicle_LEAD_Combustion_5;330;1025.784122031756;1026.784122031756;pickupShipment;6068627214;1000;0;8.790266666666666;6.675041;0.0;NaN;0.0;1025.784122031756;1.0;D
vehicle_LEAD_Combustion_5;57;1038.6746382507235;1064.15;deliverShipment;2170533263;1000;0;8.790266666666666;7.2695680000000005;0.0;NaN;0.0;1038.6746382507235;25.475361749276544;1
vehicle_LEAD_Combustion_5;273;1065.0685981628037;1070.0685981628037;deliverShipment;4574272247;1000;0;8.790266666666666;7.315498000000001;0.0;NaN;0.0;1065.0685981628037;5.0;2
vehicle_LEAD_Combustion_5;331;1072.147454005092;1085.9666666666667;deliverShipment;2170533264;1000;0;8.790266666666666;7.419441000000001;0.0;NaN;0.0;1072.147454005092;13.819212661574738;3
vehicle_LEAD_Combustion_5;379;1087.0924044151911;1146.0166666666667;deliverShipment;4574272246;1000;0;8.790266666666666;7.475728000000001;0.0;NaN;0.0;1087.0924044151911;58.92426225147551;4
vehicle_LEAD_Combustion_5;8;1154.865488969022;1155.865488969022;pickupShipment;6068627214;1000;0;8.790266666666666;7.918170000000001;0.0;NaN;0.0;1154.865488969022;1.0;D
vehicle_LEAD_Combustion_5;204;1155.865488969022;1156.865488969022;pickupShipment;6068627214;1000;0;8.790266666666666;7.918170000000001;0.0;NaN;0.0;1155.865488969022;1.0;D
vehicle_LEAD_Combustion_5;26;1156.865488969022;1157.865488969022;pickupShipment;6068627214;1000;0;8.790266666666666;7.918170000000001;0.0;NaN;0.0;1156.865488969022;1.0;D
vehicle_LEAD_Combustion_5;136;1157.865488969022;1158.865488969022;pickupShipment;6068627214;1000;0;8.790266666666666;7.918170000000001;0.0;NaN;0.0;1157.865488969022;1.0;D
vehicle_LEAD_Combustion_5;27;1179.2554481891036;1184.2554481891036;deliverShipment;7362966881;1000;0;8.790266666666666;8.93767;0.0;NaN;0.0;1179.2554481891036;5.0;1
vehicle_LEAD_Combustion_5;137;1187.5063416873165;1192.5063416873165;deliverShipment;277645033;1000;0;8.790266666666666;9.100215;0.0;NaN;0.0;1187.5063416873165;5.0;2
vehicle_LEAD_Combustion_5;205;1194.380417939164;1199.380417939164;deliverShipment;5947847652;1000;0;8.790266666666666;9.193919000000001;0.0;NaN;0.0;1194.380417939164;5.0;3
vehicle_LEAD_Combustion_5;9;1205.4111058777883;1210.4111058777883;deliverShipment;5947847658;1000;0;8.790266666666666;9.495454;0.0;NaN;0.0;1205.4111058777883;5.0;4
vehicle_LEAD_Combustion_5;138;1219.7291272417456;1220.7291272417456;pickupShipment;6068627214;1000;0;8.790266666666666;9.961356;0.0;NaN;0.0;1219.7291272417456;1.0;D
vehicle_LEAD_Combustion_5;164;1220.7291272417456;1221.7291272417456;pickupShipment;6068627214;1000;0;8.790266666666666;9.961356;0.0;NaN;0.0;1220.7291272417456;1.0;D
vehicle_LEAD_Combustion_5;108;1221.7291272417456;1222.7291272417456;pickupShipment;6068627214;1000;0;8.790266666666666;9.961356;0.0;NaN;0.0;1221.7291272417456;1.0;D
vehicle_LEAD_Combustion_5;292;1222.7291272417456;1223.7291272417456;pickupShipment;6068627214;1000;0;8.790266666666666;9.961356;0.0;NaN;0.0;1222.7291272417456;1.0;D
vehicle_LEAD_Combustion_5;139;1239.82733504533;1244.82733504533;deliverShipment;4574272247;1000;0;8.790266666666666;10.766268;0.0;NaN;0.0;1239.82733504533;5.0;1
vehicle_LEAD_Combustion_5;293;1247.2162102675795;1252.2162102675795;deliverShipment;25312126;1000;0;8.790266666666666;10.885712;0.0;NaN;0.0;1247.2162102675795;5.0;2
vehicle_LEAD_Combustion_5;109;1252.2162102675795;1257.2162102675795;deliverShipment;25312126;1000;0;8.790266666666666;10.885712;0.0;NaN;0.0;1252.2162102675795;5.0;3
vehicle_LEAD_Combustion_5;176;1270.9255428489143;1271.9255428489143;pickupShipment;6068627214;1000;0;8.790266666666666;11.57118;0.0;NaN;0.0;1270.9255428489143;1.0;D
vehicle_LEAD_Combustion_5;262;1271.9255428489143;1272.9255428489143;pickupShipment;6068627214;1000;0;8.790266666666666;11.57118;0.0;NaN;0.0;1271.9255428489143;1.0;D
vehicle_LEAD_Combustion_5;54;1272.9255428489143;1273.9255428489143;pickupShipment;6068627214;1000;0;8.790266666666666;11.57118;0.0;NaN;0.0;1272.9255428489143;1.0;D
vehicle_LEAD_Combustion_5;55;1278.2405542188917;1283.2405542188917;deliverShipment;7362230953;1000;0;8.790266666666666;11.786931;0.0;NaN;0.0;1278.2405542188917;5.0;1
vehicle_LEAD_Combustion_5;408;1287.555565588869;1288.555565588869;pickupShipment;6068627214;1000;0;8.790266666666666;12.002681999999998;0.0;NaN;0.0;1287.555565588869;1.0;D
vehicle_LEAD_Combustion_5;263;1303.9320548358905;1308.9320548358905;deliverShipment;2170533265;1000;0;8.790266666666666;12.771507999999999;0.0;NaN;0.0;1303.9320548358905;5.0;1
vehicle_LEAD_Combustion_5;409;1309.9588927822147;1314.9588927822147;deliverShipment;7363009585;1000;0;8.790266666666666;12.822849999999999;0.0;NaN;0.0;1309.9588927822147;5.0;2
vehicle_LEAD_Combustion_5;165;1314.9588927822147;1319.9588927822147;deliverShipment;7363009585;1000;0;8.790266666666666;12.822849999999999;0.0;NaN;0.0;1314.9588927822147;5.0;3
vehicle_LEAD_Combustion_5;334;1331.021390657219;1332.021390657219;pickupShipment;6068627214;1000;0;8.790266666666666;13.375976;0.0;NaN;0.0;1331.021390657219;1.0;D
vehicle_LEAD_Combustion_5;284;1332.021390657219;1333.021390657219;pickupShipment;6068627214;1000;0;8.790266666666666;13.375976;0.0;NaN;0.0;1332.021390657219;1.0;D
vehicle_LEAD_Combustion_5;366;1333.021390657219;1334.021390657219;pickupShipment;6068627214;1000;0;8.790266666666666;13.375976;0.0;NaN;0.0;1333.021390657219;1.0;D
vehicle_LEAD_Combustion_5;335;1346.2106462787076;1351.2106462787076;deliverShipment;6970402911;1000;0;8.790266666666666;13.985439999999999;0.0;NaN;0.0;1346.2106462787076;5.0;1
vehicle_LEAD_Combustion_5;177;1352.6088034823931;1357.6088034823931;deliverShipment;3246517575;1000;0;8.790266666666666;14.055347999999999;0.0;NaN;0.0;1352.6088034823931;5.0;2
vehicle_LEAD_Combustion_5;285;1357.6088034823931;1362.6088034823931;deliverShipment;3246517575;1000;0;8.790266666666666;14.055347999999999;0.0;NaN;0.0;1357.6088034823931;5.0;3
vehicle_LEAD_Combustion_5;367;1362.6088034823931;1367.6088034823931;deliverShipment;3246517575;1000;0;8.790266666666666;14.055347999999999;0.0;NaN;0.0;1362.6088034823931;5.0;4
vehicle_LEAD_Combustion_5;-2;1378.3999019001963;0.0;end;6068627214;1000;0;8.790266666666666;14.594903999999998;0.0;NaN;0.0;1378.3999019001963;-1378.3999019001963;end
