vehicle_id;activity_index;arrival_time;end_time;name;location_id;iterations;unassigned_jobs;runtime;distance
vehicle_LEAD_2;-1;0.0;0.0;start;6068627214;1000;0;29.69633333333333;0.0
vehicle_LEAD_2;72;0.0;1.0;pickupShipment;6068627214;1000;0;29.69633333333333;0.0
vehicle_LEAD_2;12;1.0;2.0;pickupShipment;6068627214;1000;0;29.69633333333333;0.0
vehicle_LEAD_2;180;2.0;3.0;pickupShipment;6068627214;1000;0;29.69633333333333;0.0
vehicle_LEAD_2;50;3.0;4.0;pickupShipment;6068627214;1000;0;29.69633333333333;0.0
vehicle_LEAD_2;73;21.294445411109177;25205.0;deliverShipment;7545572012;1000;0;29.69633333333333;0.8647239999999999
vehicle_LEAD_2;51;25218.554232891533;25223.554232891533;deliverShipment;7362230954;1000;0;29.69633333333333;1.542437
vehicle_LEAD_2;181;25223.554232891533;25228.554232891533;deliverShipment;7362230954;1000;0;29.69633333333333;1.542437
vehicle_LEAD_2;104;25247.336995326008;25248.336995326008;pickupShipment;6068627214;1000;0;29.69633333333333;2.4815769999999997
vehicle_LEAD_2;136;25248.336995326008;25249.336995326008;pickupShipment;6068627214;1000;0;29.69633333333333;2.4815769999999997
vehicle_LEAD_2;174;25249.336995326008;25250.336995326008;pickupShipment;6068627214;1000;0;29.69633333333333;2.4815769999999997
vehicle_LEAD_2;13;25267.459021081955;25272.459021081955;deliverShipment;2636357153;1000;0;29.69633333333333;3.3376799999999998
vehicle_LEAD_2;137;25274.07243785512;25279.07243785512;deliverShipment;2636357179;1000;0;29.69633333333333;3.418351
vehicle_LEAD_2;175;25279.07243785512;25284.07243785512;deliverShipment;2636357179;1000;0;29.69633333333333;3.418351
vehicle_LEAD_2;105;25295.65959468081;25300.65959468081;deliverShipment;6855610536;1000;0;29.69633333333333;3.9977099999999997
vehicle_LEAD_2;166;25323.98640802718;25324.98640802718;pickupShipment;6068627214;1000;0;29.69633333333333;5.164053
vehicle_LEAD_2;98;25324.98640802718;25325.98640802718;pickupShipment;6068627214;1000;0;29.69633333333333;5.164053
vehicle_LEAD_2;44;25325.98640802718;25326.98640802718;pickupShipment;6068627214;1000;0;29.69633333333333;5.164053
vehicle_LEAD_2;152;25326.98640802718;25327.98640802718;pickupShipment;6068627214;1000;0;29.69633333333333;5.164053
vehicle_LEAD_2;1;25327.98640802718;25334.251835038838;recharge;6068627214;1000;0;29.69633333333333;5.164053
vehicle_LEAD_2;206;25334.251835038838;25335.251835038838;pickupShipment;6068627214;1000;0;29.69633333333333;5.164053
vehicle_LEAD_2;167;25341.899521743464;25346.899521743464;deliverShipment;5947847671;1000;0;29.69633333333333;5.496438
vehicle_LEAD_2;207;25352.079731383044;25357.079731383044;deliverShipment;34815654;1000;0;29.69633333333333;5.7554490000000005
vehicle_LEAD_2;99;25357.079731383044;25362.079731383044;deliverShipment;34815654;1000;0;29.69633333333333;5.7554490000000005
vehicle_LEAD_2;45;25362.079731383044;25367.079731383044;deliverShipment;34815654;1000;0;29.69633333333333;5.7554490000000005
vehicle_LEAD_2;240;25383.98907756435;25384.98907756435;pickupShipment;6068627214;1000;0;29.69633333333333;6.600918
vehicle_LEAD_2;74;25384.98907756435;25385.98907756435;pickupShipment;6068627214;1000;0;29.69633333333333;6.600918
vehicle_LEAD_2;226;25385.98907756435;25386.98907756435;pickupShipment;6068627214;1000;0;29.69633333333333;6.600918
vehicle_LEAD_2;241;25405.025781490942;25410.025781490942;deliverShipment;3246605497;1000;0;29.69633333333333;7.5027550000000005
vehicle_LEAD_2;75;25413.186895168714;61131.0;deliverShipment;5947847652;1000;0;29.69633333333333;7.660811000000001
vehicle_LEAD_2;227;61131.0;61136.0;deliverShipment;5947847652;1000;0;29.69633333333333;7.660811000000001
vehicle_LEAD_2;22;61153.60278479443;61154.60278479443;pickupShipment;6068627214;1000;0;29.69633333333333;8.540952
vehicle_LEAD_2;218;61154.60278479443;61155.60278479443;pickupShipment;6068627214;1000;0;29.69633333333333;8.540952
vehicle_LEAD_2;214;61155.60278479443;61156.60278479443;pickupShipment;6068627214;1000;0;29.69633333333333;8.540952
vehicle_LEAD_2;215;61171.18693562612;65151.0;deliverShipment;6399726035;1000;0;29.69633333333333;9.270161
vehicle_LEAD_2;219;65151.407159185685;65156.407159185685;deliverShipment;6399726036;1000;0;29.69633333333333;9.290519
vehicle_LEAD_2;23;65160.60737078526;67324.0;deliverShipment;3246517575;1000;0;29.69633333333333;9.50053
vehicle_LEAD_2;153;67325.39815720369;67330.39815720369;deliverShipment;6970402911;1000;0;29.69633333333333;9.570438
vehicle_LEAD_2;-2;67342.58741282517;0.0;end;6068627214;1000;0;29.69633333333333;10.179901999999998
vehicle_LEAD_3;-1;0.0;0.0;start;6068627214;1000;0;29.69633333333333;0.0
vehicle_LEAD_3;178;0.0;1.0;pickupShipment;6068627214;1000;0;29.69633333333333;0.0
vehicle_LEAD_3;16;1.0;2.0;pickupShipment;6068627214;1000;0;29.69633333333333;0.0
vehicle_LEAD_3;17;2.0;25205.0;deliverShipment;6068627214;1000;0;29.69633333333333;0.0
vehicle_LEAD_3;194;25205.0;25206.0;pickupShipment;6068627214;1000;0;29.69633333333333;0.0
vehicle_LEAD_3;195;25206.0;25211.0;deliverShipment;6068627214;1000;0;29.69633333333333;0.0
vehicle_LEAD_3;216;25211.0;25212.0;pickupShipment;6068627214;1000;0;29.69633333333333;0.0
vehicle_LEAD_3;110;25212.0;25213.0;pickupShipment;6068627214;1000;0;29.69633333333333;0.0
vehicle_LEAD_3;148;25213.0;25214.0;pickupShipment;6068627214;1000;0;29.69633333333333;0.0
vehicle_LEAD_3;149;25215.519256961485;25220.519256961485;deliverShipment;917183790;1000;0;29.69633333333333;0.07596299999999999
vehicle_LEAD_3;254;25222.03851392297;25223.03851392297;pickupShipment;6068627214;1000;0;29.69633333333333;0.15192599999999998
vehicle_LEAD_3;255;25224.082551834894;25229.082551834894;deliverShipment;5947847673;1000;0;29.69633333333333;0.20412799999999998
vehicle_LEAD_3;250;25230.12658974682;25231.12658974682;pickupShipment;6068627214;1000;0;29.69633333333333;0.25632999999999995
vehicle_LEAD_3;217;25234.917322165355;25239.917322165355;deliverShipment;5947847668;1000;0;29.69633333333333;0.44586699999999996
vehicle_LEAD_3;111;25239.917322165355;25244.917322165355;deliverShipment;5947847668;1000;0;29.69633333333333;0.44586699999999996
vehicle_LEAD_3;251;25244.917322165355;40385.0;deliverShipment;5947847668;1000;0;29.69633333333333;0.44586699999999996
vehicle_LEAD_3;88;40388.790732418536;40389.790732418536;pickupShipment;6068627214;1000;0;29.69633333333333;0.635404
vehicle_LEAD_3;246;40389.790732418536;40390.790732418536;pickupShipment;6068627214;1000;0;29.69633333333333;0.635404
vehicle_LEAD_3;208;40390.790732418536;40391.790732418536;pickupShipment;6068627214;1000;0;29.69633333333333;0.635404
vehicle_LEAD_3;247;40413.464349071306;40418.464349071306;deliverShipment;16564347;1000;0;29.69633333333333;1.719087
vehicle_LEAD_3;209;40418.63628872743;40423.63628872743;deliverShipment;1581680176;1000;0;29.69633333333333;1.727684
vehicle_LEAD_3;89;40446.34238331524;40451.34238331524;deliverShipment;2560866785;1000;0;29.69633333333333;2.862991
vehicle_LEAD_3;179;40451.34238331524;40456.34238331524;deliverShipment;2560866785;1000;0;29.69633333333333;2.862991
vehicle_LEAD_3;36;40494.06314787371;40495.06314787371;pickupShipment;6068627214;1000;0;29.69633333333333;4.749033
vehicle_LEAD_3;234;40495.06314787371;40496.06314787371;pickupShipment;6068627214;1000;0;29.69633333333333;4.749033
vehicle_LEAD_3;68;40496.06314787371;40497.06314787371;pickupShipment;6068627214;1000;0;29.69633333333333;4.749033
vehicle_LEAD_3;196;40497.06314787371;40498.06314787371;pickupShipment;6068627214;1000;0;29.69633333333333;4.749033
vehicle_LEAD_3;235;40502.915678168654;40507.915678168654;deliverShipment;5947870995;1000;0;29.69633333333333;4.9916599999999995
vehicle_LEAD_3;37;40511.53475093051;40516.53475093051;deliverShipment;6297154743;1000;0;29.69633333333333;5.172613999999999
vehicle_LEAD_3;69;40524.3524552951;49179.0;deliverShipment;917192332;1000;0;29.69633333333333;5.5634999999999994
vehicle_LEAD_3;197;49179.763738472524;53524.0;deliverShipment;25312138;1000;0;29.69633333333333;5.601686999999999
vehicle_LEAD_3;-2;53530.23138753723;0.0;end;6068627214;1000;0;29.69633333333333;5.913256999999999
vehicle_LEAD_4;-1;0.0;0.0;start;6068627214;1000;0;29.69633333333333;0.0
vehicle_LEAD_4;232;0.0;1.0;pickupShipment;6068627214;1000;0;29.69633333333333;0.0
vehicle_LEAD_4;233;8.429145141709714;25205.0;deliverShipment;2853496797;1000;0;29.69633333333333;0.3714579999999999
vehicle_LEAD_4;202;25212.42914514171;25213.42914514171;pickupShipment;6068627214;1000;0;29.69633333333333;0.7429159999999998
vehicle_LEAD_4;40;25213.42914514171;25214.42914514171;pickupShipment;6068627214;1000;0;29.69633333333333;0.7429159999999998
vehicle_LEAD_4;96;25214.42914514171;25215.42914514171;pickupShipment;6068627214;1000;0;29.69633333333333;0.7429159999999998
vehicle_LEAD_4;160;25215.42914514171;25216.42914514171;pickupShipment;6068627214;1000;0;29.69633333333333;0.7429159999999998
vehicle_LEAD_4;161;25231.099275801447;25236.099275801447;deliverShipment;2244471203;1000;0;29.69633333333333;1.4764239999999997
vehicle_LEAD_4;203;25236.85437429125;25241.85437429125;deliverShipment;2244092186;1000;0;29.69633333333333;1.5141789999999997
vehicle_LEAD_4;41;25244.64828870342;25249.64828870342;deliverShipment;6297154748;1000;0;29.69633333333333;1.6538749999999998
vehicle_LEAD_4;97;25257.23179353641;25262.23179353641;deliverShipment;25312133;1000;0;29.69633333333333;2.033051
vehicle_LEAD_4;224;25268.130361739277;25269.130361739277;pickupShipment;6068627214;1000;0;29.69633333333333;2.32798
vehicle_LEAD_4;18;25269.130361739277;25270.130361739277;pickupShipment;6068627214;1000;0;29.69633333333333;2.32798
vehicle_LEAD_4;212;25270.130361739277;25271.130361739277;pickupShipment;6068627214;1000;0;29.69633333333333;2.32798
vehicle_LEAD_4;90;25271.130361739277;25272.130361739277;pickupShipment;6068627214;1000;0;29.69633333333333;2.32798
vehicle_LEAD_4;19;25285.839694320613;25290.839694320613;deliverShipment;25312126;1000;0;29.69633333333333;3.0134480000000003
vehicle_LEAD_4;213;25290.839694320613;25295.839694320613;deliverShipment;25312126;1000;0;29.69633333333333;3.0134480000000003
vehicle_LEAD_4;91;25298.22856954286;25303.22856954286;deliverShipment;4574272247;1000;0;29.69633333333333;3.1328920000000005
vehicle_LEAD_4;225;25304.147167705665;25309.147167705665;deliverShipment;2170533263;1000;0;29.69633333333333;3.1788220000000003
vehicle_LEAD_4;6;25321.03768392463;25322.03768392463;pickupShipment;6068627214;1000;0;29.69633333333333;3.773349
vehicle_LEAD_4;150;25322.03768392463;25323.03768392463;pickupShipment;6068627214;1000;0;29.69633333333333;3.773349
vehicle_LEAD_4;220;25323.03768392463;25324.03768392463;pickupShipment;6068627214;1000;0;29.69633333333333;3.773349
vehicle_LEAD_4;42;25324.03768392463;25325.03768392463;pickupShipment;6068627214;1000;0;29.69633333333333;3.773349
vehicle_LEAD_4;7;25341.865370269257;25346.865370269257;deliverShipment;6970402909;1000;0;29.69633333333333;4.614735
vehicle_LEAD_4;151;25346.865370269257;25351.865370269257;deliverShipment;6970402909;1000;0;29.69633333333333;4.614735
vehicle_LEAD_4;221;25351.865370269257;25356.865370269257;deliverShipment;6970402909;1000;0;29.69633333333333;4.614735
vehicle_LEAD_4;43;25358.061807876384;25363.061807876384;deliverShipment;2636357186;1000;0;29.69633333333333;4.674556999999999
vehicle_LEAD_4;122;25381.085931828136;25382.085931828136;pickupShipment;6068627214;1000;0;29.69633333333333;5.575764999999999
vehicle_LEAD_4;14;25382.085931828136;25383.085931828136;pickupShipment;6068627214;1000;0;29.69633333333333;5.575764999999999
vehicle_LEAD_4;1;25383.085931828136;25386.262579810904;recharge;6068627214;1000;0;29.69633333333333;5.575764999999999
vehicle_LEAD_4;170;25386.262579810904;25387.262579810904;pickupShipment;6068627214;1000;0;29.69633333333333;5.575764999999999
vehicle_LEAD_4;56;25387.262579810904;25388.262579810904;pickupShipment;6068627214;1000;0;29.69633333333333;5.575764999999999
vehicle_LEAD_4;171;25414.65580702445;25419.65580702445;deliverShipment;1754647302;1000;0;29.69633333333333;6.895428999999999
vehicle_LEAD_4;15;25420.601345133375;60689.0;deliverShipment;1754647299;1000;0;29.69633333333333;6.942705999999999
vehicle_LEAD_4;123;60691.15321569357;60696.15321569357;deliverShipment;33255445;1000;0;29.69633333333333;7.050367
vehicle_LEAD_4;57;60699.405149189704;62540.0;deliverShipment;27503215;1000;0;29.69633333333333;7.2129639999999995
vehicle_LEAD_4;132;62564.374911250176;62565.374911250176;pickupShipment;6068627214;1000;0;29.69633333333333;8.431712
vehicle_LEAD_4;112;62565.374911250176;62566.374911250176;pickupShipment;6068627214;1000;0;29.69633333333333;8.431712
vehicle_LEAD_4;76;62566.374911250176;62567.374911250176;pickupShipment;6068627214;1000;0;29.69633333333333;8.431712
vehicle_LEAD_4;86;62567.374911250176;62568.374911250176;pickupShipment;6068627214;1000;0;29.69633333333333;8.431712
vehicle_LEAD_4;77;62573.31022137956;68537.0;deliverShipment;35678668;1000;0;29.69633333333333;8.678477999999998
vehicle_LEAD_4;133;68540.45311309377;68545.45311309377;deliverShipment;5947847663;1000;0;29.69633333333333;8.851133999999998
vehicle_LEAD_4;87;68548.1239477521;68553.1239477521;deliverShipment;5947847657;1000;0;29.69633333333333;8.984675999999999
vehicle_LEAD_4;113;68555.2069435861;68560.2069435861;deliverShipment;25312123;1000;0;29.69633333333333;9.088826
vehicle_LEAD_4;8;68569.11060577878;68570.11060577878;pickupShipment;6068627214;1000;0;29.69633333333333;9.534009999999999
vehicle_LEAD_4;100;68570.11060577878;68571.11060577878;pickupShipment;6068627214;1000;0;29.69633333333333;9.534009999999999
vehicle_LEAD_4;4;68571.11060577878;68572.11060577878;pickupShipment;6068627214;1000;0;29.69633333333333;9.534009999999999
vehicle_LEAD_4;210;68572.11060577878;68573.11060577878;pickupShipment;6068627214;1000;0;29.69633333333333;9.534009999999999
vehicle_LEAD_4;9;68590.29629140742;71184.0;deliverShipment;6970402907;1000;0;29.69633333333333;10.393296
vehicle_LEAD_4;101;71186.25317549365;71191.25317549365;deliverShipment;6970402893;1000;0;29.69633333333333;10.505955
vehicle_LEAD_4;5;71198.69662060676;75169.0;deliverShipment;6921021581;1000;0;29.69633333333333;10.878128
vehicle_LEAD_4;211;75169.0;75174.0;deliverShipment;6921021581;1000;0;29.69633333333333;10.878128
vehicle_LEAD_4;-2;75185.99541600917;0.0;end;6068627214;1000;0;29.69633333333333;11.4779
vehicle_LEAD_5;-1;0.0;0.0;start;6068627214;1000;0;29.69633333333333;0.0
vehicle_LEAD_5;30;0.0;1.0;pickupShipment;6068627214;1000;0;29.69633333333333;0.0
vehicle_LEAD_5;144;1.0;2.0;pickupShipment;6068627214;1000;0;29.69633333333333;0.0
vehicle_LEAD_5;102;2.0;3.0;pickupShipment;6068627214;1000;0;29.69633333333333;0.0
vehicle_LEAD_5;82;3.0;4.0;pickupShipment;6068627214;1000;0;29.69633333333333;0.0
vehicle_LEAD_5;1;4.0;49.007602635580334;recharge;6068627214;1000;0;29.69633333333333;0.0
vehicle_LEAD_5;54;49.007602635580334;50.007602635580334;pickupShipment;6068627214;1000;0;29.69633333333333;0.0
vehicle_LEAD_5;55;67.19328826420907;25205.0;deliverShipment;6970402907;1000;0;29.69633333333333;0.859286
vehicle_LEAD_5;145;25207.25317549365;25212.25317549365;deliverShipment;6970402893;1000;0;29.69633333333333;0.9719450000000001
vehicle_LEAD_5;31;25214.4778510443;25219.4778510443;deliverShipment;2244092199;1000;0;29.69633333333333;1.0831790000000001
vehicle_LEAD_5;103;25223.292703414594;25228.292703414594;deliverShipment;6970402896;1000;0;29.69633333333333;1.2739220000000002
vehicle_LEAD_5;83;25228.292703414594;25233.292703414594;deliverShipment;6970402896;1000;0;29.69633333333333;1.2739220000000002
vehicle_LEAD_5;1;25254.72212055576;25282.1339113363;recharge;6068627214;1000;0;29.69633333333333;2.3453950000000003
vehicle_LEAD_5;1;25282.1339113363;25327.14151397188;recharge;6068627214;1000;0;29.69633333333333;2.3453950000000003
vehicle_LEAD_5;1;25327.14151397188;25372.149116607463;recharge;6068627214;1000;0;29.69633333333333;2.3453950000000003
vehicle_LEAD_5;1;25372.149116607463;25417.156719243045;recharge;6068627214;1000;0;29.69633333333333;2.3453950000000003
vehicle_LEAD_5;-2;25417.156719243045;0.0;end;6068627214;1000;0;29.69633333333333;2.3453950000000003
vehicle_LEAD_7;-1;0.0;0.0;start;6068627214;1000;0;29.69633333333333;0.0
vehicle_LEAD_7;28;0.0;1.0;pickupShipment;6068627214;1000;0;29.69633333333333;0.0
vehicle_LEAD_7;80;1.0;2.0;pickupShipment;6068627214;1000;0;29.69633333333333;0.0
vehicle_LEAD_7;248;2.0;3.0;pickupShipment;6068627214;1000;0;29.69633333333333;0.0
vehicle_LEAD_7;200;3.0;4.0;pickupShipment;6068627214;1000;0;29.69633333333333;0.0
vehicle_LEAD_7;81;13.146481707036585;25205.0;deliverShipment;5947881169;1000;0;29.69633333333333;0.4573249999999999
vehicle_LEAD_7;249;25208.416073167853;25213.416073167853;deliverShipment;5273358484;1000;0;29.69633333333333;0.6281289999999999
vehicle_LEAD_7;201;25223.452813094373;25228.452813094373;deliverShipment;829114775;1000;0;29.69633333333333;1.129967
vehicle_LEAD_7;29;25237.49917500165;25242.49917500165;deliverShipment;6921021579;1000;0;29.69633333333333;1.5822859999999999
vehicle_LEAD_7;26;25254.071351857296;25255.071351857296;pickupShipment;6068627214;1000;0;29.69633333333333;2.1608959999999997
vehicle_LEAD_7;20;25255.071351857296;25256.071351857296;pickupShipment;6068627214;1000;0;29.69633333333333;2.1608959999999997
vehicle_LEAD_7;64;25256.071351857296;25257.071351857296;pickupShipment;6068627214;1000;0;29.69633333333333;2.1608959999999997
vehicle_LEAD_7;140;25257.071351857296;25258.071351857296;pickupShipment;6068627214;1000;0;29.69633333333333;2.1608959999999997
vehicle_LEAD_7;141;25272.366863266274;25277.366863266274;deliverShipment;6929508857;1000;0;29.69633333333333;2.8756729999999995
vehicle_LEAD_7;65;25277.471503056993;25282.471503056993;deliverShipment;2170533269;1000;0;29.69633333333333;2.8809049999999994
vehicle_LEAD_7;27;25284.47467905064;25289.47467905064;deliverShipment;7363009585;1000;0;29.69633333333333;2.9810639999999995
vehicle_LEAD_7;142;25300.537176925645;25301.537176925645;pickupShipment;6068627214;1000;0;29.69633333333333;3.5341899999999997
vehicle_LEAD_7;48;25301.537176925645;25302.537176925645;pickupShipment;6068627214;1000;0;29.69633333333333;3.5341899999999997
vehicle_LEAD_7;84;25302.537176925645;25303.537176925645;pickupShipment;6068627214;1000;0;29.69633333333333;3.5341899999999997
vehicle_LEAD_7;49;25322.976038047924;25327.976038047924;deliverShipment;6970402893;1000;0;29.69633333333333;4.506135
vehicle_LEAD_7;85;25330.200713598573;25335.200713598573;deliverShipment;2244092199;1000;0;29.69633333333333;4.617368999999999
vehicle_LEAD_7;143;25340.594982810035;25345.594982810035;deliverShipment;7362966883;1000;0;29.69633333333333;4.887082999999999
vehicle_LEAD_7;124;25358.574556850886;25359.574556850886;pickupShipment;6068627214;1000;0;29.69633333333333;5.536062999999999
vehicle_LEAD_7;162;25359.574556850886;25360.574556850886;pickupShipment;6068627214;1000;0;29.69633333333333;5.536062999999999
vehicle_LEAD_7;1;25360.574556850886;25364.049060385605;recharge;6068627214;1000;0;29.69633333333333;5.536062999999999
vehicle_LEAD_7;118;25364.049060385605;25365.049060385605;pickupShipment;6068627214;1000;0;29.69633333333333;5.536062999999999
vehicle_LEAD_7;125;25368.25645397082;25373.25645397082;deliverShipment;5947870997;1000;0;29.69633333333333;5.696432999999999
vehicle_LEAD_7;163;25383.490753502218;25388.490753502218;deliverShipment;6297154748;1000;0;29.69633333333333;6.208148999999999
vehicle_LEAD_7;21;25391.92034664303;25396.92034664303;deliverShipment;5324491691;1000;0;29.69633333333333;6.379628999999999
vehicle_LEAD_7;119;25396.95840656691;33323.0;deliverShipment;34815654;1000;0;29.69633333333333;6.381531999999999
vehicle_LEAD_7;94;33339.90934618131;33340.90934618131;pickupShipment;6068627214;1000;0;29.69633333333333;7.227000999999999
vehicle_LEAD_7;128;33340.90934618131;33341.90934618131;pickupShipment;6068627214;1000;0;29.69633333333333;7.227000999999999
vehicle_LEAD_7;192;33341.90934618131;33342.90934618131;pickupShipment;6068627214;1000;0;29.69633333333333;7.227000999999999
vehicle_LEAD_7;256;33342.90934618131;33343.90934618131;pickupShipment;6068627214;1000;0;29.69633333333333;7.227000999999999
vehicle_LEAD_7;129;33367.93955812089;49040.0;deliverShipment;7017492284;1000;0;29.69633333333333;8.428513999999998
vehicle_LEAD_7;257;49047.144765710465;49052.144765710465;deliverShipment;6970402907;1000;0;29.69633333333333;8.785752999999998
vehicle_LEAD_7;193;49052.50276499447;50777.0;deliverShipment;6970402909;1000;0;29.69633333333333;8.803652999999997
vehicle_LEAD_7;52;50793.82768634463;50794.82768634463;pickupShipment;6068627214;1000;0;29.69633333333333;9.645038999999997
vehicle_LEAD_7;10;50794.82768634463;50795.82768634463;pickupShipment;6068627214;1000;0;29.69633333333333;9.645038999999997
vehicle_LEAD_7;190;50795.82768634463;50796.82768634463;pickupShipment;6068627214;1000;0;29.69633333333333;9.645038999999997
vehicle_LEAD_7;53;50810.53701892596;62520.0;deliverShipment;25312126;1000;0;29.69633333333333;10.330506999999997
vehicle_LEAD_7;11;62524.467731064535;62529.467731064535;deliverShipment;2170533264;1000;0;29.69633333333333;10.553893999999998
vehicle_LEAD_7;191;62529.467731064535;66755.0;deliverShipment;2170533264;1000;0;29.69633333333333;10.553893999999998
vehicle_LEAD_7;130;66768.05077389845;66769.05077389845;pickupShipment;6068627214;1000;0;29.69633333333333;11.206433999999998
vehicle_LEAD_7;186;66769.05077389845;66770.05077389845;pickupShipment;6068627214;1000;0;29.69633333333333;11.206433999999998
vehicle_LEAD_7;1;66770.05077389845;66772.51766110474;recharge;6068627214;1000;0;29.69633333333333;11.206433999999998
vehicle_LEAD_7;58;66772.51766110474;66773.51766110474;pickupShipment;6068627214;1000;0;29.69633333333333;11.206433999999998
vehicle_LEAD_7;187;66790.34534744936;71043.0;deliverShipment;6970402909;1000;0;29.69633333333333;12.047819999999998
vehicle_LEAD_7;59;71043.357999284;71048.357999284;deliverShipment;6970402907;1000;0;29.69633333333333;12.065719999999997
vehicle_LEAD_7;131;71048.71599856799;71053.71599856799;deliverShipment;6970402909;1000;0;29.69633333333333;12.083619999999996
vehicle_LEAD_7;172;71070.54368491261;71071.54368491261;pickupShipment;6068627214;1000;0;29.69633333333333;12.925005999999996
vehicle_LEAD_7;38;71071.54368491261;71072.54368491261;pickupShipment;6068627214;1000;0;29.69633333333333;12.925005999999996
vehicle_LEAD_7;70;71072.54368491261;71073.54368491261;pickupShipment;6068627214;1000;0;29.69633333333333;12.925005999999996
vehicle_LEAD_7;173;71084.83690232618;71089.83690232618;deliverShipment;7182132321;1000;0;29.69633333333333;13.489667999999996
vehicle_LEAD_7;39;71093.86751426496;71098.86751426496;deliverShipment;25312126;1000;0;29.69633333333333;13.691198999999996
vehicle_LEAD_7;95;71121.06032987933;71126.06032987933;deliverShipment;1764056257;1000;0;29.69633333333333;14.800841999999996
vehicle_LEAD_7;71;71148.2531454937;73322.0;deliverShipment;25312126;1000;0;29.69633333333333;15.910484999999996
vehicle_LEAD_7;-2;73335.70933258133;0.0;end;6068627214;1000;0;29.69633333333333;16.595952999999994
vehicle_LEAD_8;-1;0.0;0.0;start;6068627214;1000;0;29.69633333333333;0.0
vehicle_LEAD_8;60;0.0;1.0;pickupShipment;6068627214;1000;0;29.69633333333333;0.0
vehicle_LEAD_8;92;1.0;2.0;pickupShipment;6068627214;1000;0;29.69633333333333;0.0
vehicle_LEAD_8;154;2.0;3.0;pickupShipment;6068627214;1000;0;29.69633333333333;0.0
vehicle_LEAD_8;158;3.0;4.0;pickupShipment;6068627214;1000;0;29.69633333333333;0.0
vehicle_LEAD_8;93;10.465947068105862;25205.0;deliverShipment;5947847663;1000;0;29.69633333333333;0.3232979999999999
vehicle_LEAD_8;61;25205.195099609802;25210.195099609802;deliverShipment;5947847669;1000;0;29.69633333333333;0.33305299999999993
vehicle_LEAD_8;155;25210.390199219604;25215.390199219604;deliverShipment;5947847663;1000;0;29.69633333333333;0.34280799999999995
vehicle_LEAD_8;228;25221.85614628771;25222.85614628771;pickupShipment;6068627214;1000;0;29.69633333333333;0.6661059999999999
vehicle_LEAD_8;66;25222.85614628771;25223.85614628771;pickupShipment;6068627214;1000;0;29.69633333333333;0.6661059999999999
vehicle_LEAD_8;46;25223.85614628771;25224.85614628771;pickupShipment;6068627214;1000;0;29.69633333333333;0.6661059999999999
vehicle_LEAD_8;229;25243.618848762308;25248.618848762308;deliverShipment;16564353;1000;0;29.69633333333333;1.6042429999999999
vehicle_LEAD_8;67;25266.57527284946;25271.57527284946;deliverShipment;27503216;1000;0;29.69633333333333;2.502066
vehicle_LEAD_8;47;25286.267963464077;25291.267963464077;deliverShipment;25312133;1000;0;29.69633333333333;3.236702
vehicle_LEAD_8;159;25292.23122153756;25297.23122153756;deliverShipment;35678668;1000;0;29.69633333333333;3.2848650000000004
vehicle_LEAD_8;120;25302.16653166694;25303.16653166694;pickupShipment;6068627214;1000;0;29.69633333333333;3.5316310000000004
vehicle_LEAD_8;138;25303.16653166694;25304.16653166694;pickupShipment;6068627214;1000;0;29.69633333333333;3.5316310000000004
vehicle_LEAD_8;182;25304.16653166694;25305.16653166694;pickupShipment;6068627214;1000;0;29.69633333333333;3.5316310000000004
vehicle_LEAD_8;24;25305.16653166694;25306.16653166694;pickupShipment;6068627214;1000;0;29.69633333333333;3.5316310000000004
vehicle_LEAD_8;183;25323.027197945605;25328.027197945605;deliverShipment;6970402908;1000;0;29.69633333333333;4.374666
vehicle_LEAD_8;139;25329.24009551981;53142.0;deliverShipment;1683287884;1000;0;29.69633333333333;4.4353110000000004
vehicle_LEAD_8;121;53144.795574408854;53149.795574408854;deliverShipment;6297154747;1000;0;29.69633333333333;4.57509
vehicle_LEAD_8;25;53155.752282495436;61774.0;deliverShipment;4574272245;1000;0;29.69633333333333;4.8729260000000005
vehicle_LEAD_8;188;61781.29694540611;61782.29694540611;pickupShipment;6068627214;1000;0;29.69633333333333;5.237774000000001
vehicle_LEAD_8;34;61782.29694540611;61783.29694540611;pickupShipment;6068627214;1000;0;29.69633333333333;5.237774000000001
vehicle_LEAD_8;126;61783.29694540611;61784.29694540611;pickupShipment;6068627214;1000;0;29.69633333333333;5.237774000000001
vehicle_LEAD_8;242;61784.29694540611;61785.29694540611;pickupShipment;6068627214;1000;0;29.69633333333333;5.237774000000001
vehicle_LEAD_8;189;61789.087677824646;61794.087677824646;deliverShipment;5947847668;1000;0;29.69633333333333;5.427311
vehicle_LEAD_8;35;61794.45837708325;61799.45837708325;deliverShipment;5947847667;1000;0;29.69633333333333;5.445846
vehicle_LEAD_8;127;61799.45837708325;61804.45837708325;deliverShipment;5947847667;1000;0;29.69633333333333;5.445846
vehicle_LEAD_8;243;61807.61177077646;62384.0;deliverShipment;5947847675;1000;0;29.69633333333333;5.603516000000001
vehicle_LEAD_8;236;62385.343717312564;62386.343717312564;pickupShipment;6068627214;1000;0;29.69633333333333;5.670702000000001
vehicle_LEAD_8;108;62386.343717312564;62387.343717312564;pickupShipment;6068627214;1000;0;29.69633333333333;5.670702000000001
vehicle_LEAD_8;1;62387.343717312564;62389.80812126391;recharge;6068627214;1000;0;29.69633333333333;5.670702000000001
vehicle_LEAD_8;238;62389.80812126391;62390.80812126391;pickupShipment;6068627214;1000;0;29.69633333333333;5.670702000000001
vehicle_LEAD_8;146;62390.80812126391;62391.80812126391;pickupShipment;6068627214;1000;0;29.69633333333333;5.670702000000001
vehicle_LEAD_8;147;62408.82352723309;62413.82352723309;deliverShipment;6970402888;1000;0;29.69633333333333;6.521474000000001
vehicle_LEAD_8;109;62413.82352723309;64187.0;deliverShipment;6970402888;1000;0;29.69633333333333;6.521474000000001
vehicle_LEAD_8;239;64187.80207839584;64192.80207839584;deliverShipment;1384090142;1000;0;29.69633333333333;6.561578000000002
vehicle_LEAD_8;168;64209.03574592851;64210.03574592851;pickupShipment;6068627214;1000;0;29.69633333333333;7.3732630000000015
vehicle_LEAD_8;106;64210.03574592851;64211.03574592851;pickupShipment;6068627214;1000;0;29.69633333333333;7.3732630000000015
vehicle_LEAD_8;184;64211.03574592851;64212.03574592851;pickupShipment;6068627214;1000;0;29.69633333333333;7.3732630000000015
vehicle_LEAD_8;185;64227.41223517553;66680.0;deliverShipment;2170533265;1000;0;29.69633333333333;8.142089000000002
vehicle_LEAD_8;237;66680.97633804733;66685.97633804733;deliverShipment;2170533269;1000;0;29.69633333333333;8.190906000000002
vehicle_LEAD_8;114;66700.37648924704;66701.37648924704;pickupShipment;6068627214;1000;0;29.69633333333333;8.910915000000003
vehicle_LEAD_8;204;66701.37648924704;66702.37648924704;pickupShipment;6068627214;1000;0;29.69633333333333;8.910915000000003
vehicle_LEAD_8;205;66717.5826588347;66722.5826588347;deliverShipment;27503208;1000;0;29.69633333333333;9.671225000000003
vehicle_LEAD_8;169;66725.29737340526;66730.29737340526;deliverShipment;2244092202;1000;0;29.69633333333333;9.806961000000003
vehicle_LEAD_8;107;66732.67384865231;66737.67384865231;deliverShipment;5109779163;1000;0;29.69633333333333;9.925785000000003
vehicle_LEAD_8;115;66747.54836890327;66752.54836890327;deliverShipment;7363009585;1000;0;29.69633333333333;10.419512000000003
vehicle_LEAD_8;62;66763.61086677827;66764.61086677827;pickupShipment;6068627214;1000;0;29.69633333333333;10.972638000000003
vehicle_LEAD_8;1;66764.61086677827;66769.84185680766;recharge;6068627214;1000;0;29.69633333333333;10.972638000000003
vehicle_LEAD_8;222;66769.84185680766;66770.84185680766;pickupShipment;6068627214;1000;0;29.69633333333333;10.972638000000003
vehicle_LEAD_8;2;66770.84185680766;66771.84185680766;pickupShipment;6068627214;1000;0;29.69633333333333;10.972638000000003
vehicle_LEAD_8;156;66771.84185680766;66772.84185680766;pickupShipment;6068627214;1000;0;29.69633333333333;10.972638000000003
vehicle_LEAD_8;157;66778.3509857894;67600.0;deliverShipment;5947847666;1000;0;29.69633333333333;11.248095000000003
vehicle_LEAD_8;223;67604.96379007242;67609.96379007242;deliverShipment;4574272246;1000;0;29.69633333333333;11.496285000000002
vehicle_LEAD_8;3;67612.34782530434;67617.34782530434;deliverShipment;5947847669;1000;0;29.69633333333333;11.615487000000002
vehicle_LEAD_8;230;67624.00887198225;67625.00887198225;pickupShipment;6068627214;1000;0;29.69633333333333;11.948540000000001
vehicle_LEAD_8;252;67625.00887198225;67626.00887198225;pickupShipment;6068627214;1000;0;29.69633333333333;11.948540000000001
vehicle_LEAD_8;1;67626.00887198225;67663.69498378965;recharge;6068627214;1000;0;29.69633333333333;11.948540000000001
vehicle_LEAD_8;116;67663.69498378965;67664.69498378965;pickupShipment;6068627214;1000;0;29.69633333333333;11.948540000000001
vehicle_LEAD_8;117;67682.78384761192;67687.78384761192;deliverShipment;7541807324;1000;0;29.69633333333333;12.852985
vehicle_LEAD_8;231;67687.97674722612;67692.97674722612;deliverShipment;6872884066;1000;0;29.69633333333333;12.862630000000001
vehicle_LEAD_8;253;67694.44182429597;67699.44182429597;deliverShipment;2244092196;1000;0;29.69633333333333;12.935884000000001
vehicle_LEAD_8;32;67719.18866480228;67720.18866480228;pickupShipment;6068627214;1000;0;29.69633333333333;13.923228000000002
vehicle_LEAD_8;78;67720.18866480228;67721.18866480228;pickupShipment;6068627214;1000;0;29.69633333333333;13.923228000000002
vehicle_LEAD_8;176;67721.18866480228;67722.18866480228;pickupShipment;6068627214;1000;0;29.69633333333333;13.923228000000002
vehicle_LEAD_8;177;67738.35361247238;67743.35361247238;deliverShipment;2636357128;1000;0;29.69633333333333;14.731477000000002
vehicle_LEAD_8;63;67746.92222533515;67751.92222533515;deliverShipment;7017492272;1000;0;29.69633333333333;14.909908000000001
vehicle_LEAD_8;79;67757.80081357797;67762.80081357797;deliverShipment;6921021578;1000;0;29.69633333333333;15.203838000000001
vehicle_LEAD_8;33;67764.87498942962;67769.87498942962;deliverShipment;2175345501;1000;0;29.69633333333333;15.307547000000001
vehicle_LEAD_8;164;67781.74018569922;67782.74018569922;pickupShipment;6068627214;1000;0;29.69633333333333;15.900808000000001
vehicle_LEAD_8;198;67782.74018569922;67783.74018569922;pickupShipment;6068627214;1000;0;29.69633333333333;15.900808000000001
vehicle_LEAD_8;1;67783.74018569922;67799.09676403881;recharge;6068627214;1000;0;29.69633333333333;15.900808000000001
vehicle_LEAD_8;1;67799.09676403881;67844.1043666744;recharge;6068627214;1000;0;29.69633333333333;15.900808000000001
vehicle_LEAD_8;244;67844.1043666744;67845.1043666744;pickupShipment;6068627214;1000;0;29.69633333333333;15.900808000000001
vehicle_LEAD_8;134;67845.1043666744;67846.1043666744;pickupShipment;6068627214;1000;0;29.69633333333333;15.900808000000001
vehicle_LEAD_8;165;67855.44314799683;67860.44314799683;deliverShipment;5947847660;1000;0;29.69633333333333;16.367748000000002
vehicle_LEAD_8;199;67862.75092338129;67867.75092338129;deliverShipment;5947847654;1000;0;29.69633333333333;16.483137000000003
vehicle_LEAD_8;135;67875.09012870288;67880.09012870288;deliverShipment;4574272246;1000;0;29.69633333333333;16.850098000000003
vehicle_LEAD_8;245;67880.09012870288;67885.09012870288;deliverShipment;4574272246;1000;0;29.69633333333333;16.850098000000003
vehicle_LEAD_8;-2;67893.93895100524;0.0;end;6068627214;1000;0;29.69633333333333;17.292540000000002
