vehicle_id;activity_index;arrival_time;end_time;name;location_id;iterations;unassigned_jobs;runtime;distance;SoC;SoC %;Maximum Range;TimeStamp;Duration;Activity_counter
vehicle_LEAD_1;-1;0.0;0.0;start;6068627214;1000;0;39.88986666666667;0.0;8880.0;100.0;8880.0;0.0;0.0;start
vehicle_LEAD_1;162;0.0;1.0;pickupShipment;6068627214;1000;0;39.88986666666667;0.0;8880.0;100.0;8880.0;0.0;1.0;D
vehicle_LEAD_1;202;1.0;2.0;pickupShipment;6068627214;1000;0;39.88986666666667;0.0;8880.0;100.0;8880.0;1.0;1.0;D
vehicle_LEAD_1;168;2.0;3.0;pickupShipment;6068627214;1000;0;39.88986666666667;0.0;8880.0;100.0;8880.0;2.0;1.0;D
vehicle_LEAD_1;116;3.0;4.0;pickupShipment;6068627214;1000;0;39.88986666666667;0.0;8880.0;100.0;8880.0;3.0;1.0;D
vehicle_LEAD_1;163;13.338781322437354;425.0;deliverShipment;5947847660;1000;0;39.88986666666667;0.46693999999999997;8188.835412;92.216615;8880.0;13.338781322437354;411.66121867756266;1
vehicle_LEAD_1;203;425.2019995960008;430.2019995960008;deliverShipment;5947847657;1000;0;39.88986666666667;0.47703999999999996;8173.885392;92.04825891891892;8880.0;425.2019995960008;5.0;2
vehicle_LEAD_1;169;430.3832392335215;435.3832392335215;deliverShipment;5947847658;1000;0;39.88986666666667;0.486102;8160.4718196;91.89720517567568;8880.0;430.3832392335215;5.0;3
vehicle_LEAD_1;117;436.41293717412566;441.41293717412566;deliverShipment;35678579;1000;0;39.88986666666667;0.5375869999999999;8084.263722600001;91.03900588513514;8880.0;436.41293717412566;5.0;4
vehicle_LEAD_1;186;453.51105297789405;454.51105297789405;pickupShipment;6068627214;1000;0;39.88986666666667;1.142494;7188.880381200001;80.95586014864865;8880.0;453.51105297789405;1.0;D
vehicle_LEAD_1;272;454.51105297789405;455.51105297789405;pickupShipment;6068627214;1000;0;39.88986666666667;1.142494;7188.880381200001;80.95586014864865;8880.0;454.51105297789405;1.0;D
vehicle_LEAD_1;16;455.51105297789405;456.51105297789405;pickupShipment;6068627214;1000;0;39.88986666666667;1.142494;7188.880381200001;80.95586014864865;8880.0;455.51105297789405;1.0;D
vehicle_LEAD_1;286;456.51105297789405;457.51105297789405;pickupShipment;6068627214;1000;0;39.88986666666667;1.142494;7188.880381200001;80.95586014864865;8880.0;456.51105297789405;1.0;D
vehicle_LEAD_1;187;476.9241541516917;481.9241541516917;deliverShipment;33257060;1000;0;39.88986666666667;2.113151;5752.113889800001;64.77605731756758;8880.0;476.9241541516917;5.0;1
vehicle_LEAD_1;287;491.92909414181173;496.92909414181173;deliverShipment;6297154746;1000;0;39.88986666666667;2.613399;5011.646800200001;56.43746396621623;8880.0;491.92909414181173;5.0;2
vehicle_LEAD_1;17;501.10196579606844;506.10196579606844;deliverShipment;6970402890;1000;0;39.88986666666667;2.822043;4702.811951400001;52.95959404729731;8880.0;501.10196579606844;5.0;3
vehicle_LEAD_1;34;523.744890510219;524.744890510219;pickupShipment;6068627214;1000;0;39.88986666666667;3.704191;3397.0564818000007;38.255140560810815;8880.0;523.744890510219;1.0;D
vehicle_LEAD_1;150;524.744890510219;525.744890510219;pickupShipment;6068627214;1000;0;39.88986666666667;3.704191;3397.0564818000007;38.255140560810815;8880.0;524.744890510219;1.0;D
vehicle_LEAD_1;74;525.744890510219;526.744890510219;pickupShipment;6068627214;1000;0;39.88986666666667;3.704191;3397.0564818000007;38.255140560810815;8880.0;525.744890510219;1.0;D
vehicle_LEAD_1;273;546.1837516324968;568.95;deliverShipment;6970402893;1000;0;39.88986666666667;4.676136;1958.3834928000006;22.053868162162168;8880.0;546.1837516324968;22.766248367503295;1
vehicle_LEAD_1;151;571.203175493649;1139.8166666666666;deliverShipment;6970402907;1000;0;39.88986666666667;4.7887949999999995;1791.6256410000005;20.175964425675684;8880.0;571.203175493649;568.6134911730176;2
vehicle_LEAD_1;75;1140.174665950668;1145.174665950668;deliverShipment;6970402909;1000;0;39.88986666666667;4.8066949999999995;1765.1300610000005;19.87759077702703;8880.0;1140.174665950668;5.0;3
vehicle_LEAD_1;280;1162.0023522952954;1163.0023522952954;pickupShipment;6068627214;1000;0;39.88986666666667;5.6480809999999995;519.7105038000004;5.852595763513518;8880.0;1162.0023522952954;1.0;D
vehicle_LEAD_1;104;1163.0023522952954;1164.0023522952954;pickupShipment;6068627214;1000;0;39.88986666666667;5.6480809999999995;519.7105038000004;5.852595763513518;8880.0;1163.0023522952954;1.0;D
vehicle_LEAD_1;1;1164.0023522952954;1166.6364653404044;recharge;6068627214;1000;0;39.88986666666667;5.6480809999999995;519.7105038000004;5.852595763513518;8880.0;1164.0023522952954;2.634113045108961;r1
vehicle_LEAD_1;1;1164.0023522952954;1166.6364653404044;recharge;6068627214;1000;0;39.88986666666667;5.6480809999999995;8880.0;100.0;8880.0;1164.0023522952954;2.634113045108961;r2
vehicle_LEAD_1;281;1176.9698246736857;1181.9698246736857;deliverShipment;6970402914;1000;0;39.88986666666667;6.16475;8115.2265462000005;91.38768633108108;8880.0;1176.9698246736857;5.0;1
vehicle_LEAD_1;105;1190.8412469308412;1195.8412469308412;deliverShipment;831557072;1000;0;39.88986666666667;6.608321999999999;7458.6512718;83.99382062837837;8880.0;1190.8412469308412;5.0;2
vehicle_LEAD_1;266;1215.028008557318;1216.028008557318;pickupShipment;6068627214;1000;0;39.88986666666667;7.5676619999999994;6038.636203800001;68.00265995270271;8880.0;1215.028008557318;1.0;D
vehicle_LEAD_1;114;1216.028008557318;1217.028008557318;pickupShipment;6068627214;1000;0;39.88986666666667;7.5676619999999994;6038.636203800001;68.00265995270271;8880.0;1216.028008557318;1.0;D
vehicle_LEAD_1;86;1217.028008557318;1218.028008557318;pickupShipment;6068627214;1000;0;39.88986666666667;7.5676619999999994;6038.636203800001;68.00265995270271;8880.0;1217.028008557318;1.0;D
vehicle_LEAD_1;115;1228.819106975121;1280.1833333333334;deliverShipment;3246517575;1000;0;39.88986666666667;8.107218;5239.985412600001;59.0088447364865;8880.0;1228.819106975121;51.36422635821236;1
vehicle_LEAD_1;267;1280.1833333333334;1285.1833333333334;deliverShipment;3246517575;1000;0;39.88986666666667;8.107218;5239.985412600001;59.0088447364865;8880.0;1280.1833333333334;5.0;2
vehicle_LEAD_1;87;1285.1833333333334;1290.1833333333334;deliverShipment;3246517575;1000;0;39.88986666666667;8.107218;5239.985412600001;59.0088447364865;8880.0;1285.1833333333334;5.0;3
vehicle_LEAD_1;142;1300.9744317511365;1301.9744317511365;pickupShipment;6068627214;1000;0;39.88986666666667;8.646773999999999;4441.334621400001;50.01502952027028;8880.0;1300.9744317511365;1.0;D
vehicle_LEAD_1;136;1301.9744317511365;1302.9744317511365;pickupShipment;6068627214;1000;0;39.88986666666667;8.646773999999999;4441.334621400001;50.01502952027028;8880.0;1301.9744317511365;1.0;D
vehicle_LEAD_1;82;1302.9744317511365;1303.9744317511365;pickupShipment;6068627214;1000;0;39.88986666666667;8.646773999999999;4441.334621400001;50.01502952027028;8880.0;1302.9744317511365;1.0;D
vehicle_LEAD_1;83;1320.802118095764;1325.802118095764;deliverShipment;6970402909;1000;0;39.88986666666667;9.488159999999999;3195.9150642000013;35.99003450675677;8880.0;1320.802118095764;5.0;1
vehicle_LEAD_1;137;1336.5962565074872;1341.5962565074872;deliverShipment;5324491691;1000;0;39.88986666666667;10.027867999999998;2397.0392826000016;26.99368561486488;8880.0;1336.5962565074872;5.0;2
vehicle_LEAD_1;35;1341.6343164313673;1346.6343164313673;deliverShipment;34815654;1000;0;39.88986666666667;10.029770999999998;2394.2224620000015;26.96196466216218;8880.0;1341.6343164313673;5.0;3
vehicle_LEAD_1;143;1346.6343164313673;1351.6343164313673;deliverShipment;34815654;1000;0;39.88986666666667;10.029770999999998;2394.2224620000015;26.96196466216218;8880.0;1346.6343164313673;5.0;4
vehicle_LEAD_1;-2;1368.543662612675;0.0;end;6068627214;1000;0;39.88986666666667;10.875239999999998;1142.7592482000016;12.86891045270272;8880.0;1368.543662612675;-1368.543662612675;end
vehicle_LEAD_2;-1;0.0;0.0;start;6068627214;1000;0;39.88986666666667;0.0;8880.0;100.0;8880.0;0.0;0.0;start
vehicle_LEAD_2;182;0.0;1.0;pickupShipment;6068627214;1000;0;39.88986666666667;0.0;8880.0;100.0;8880.0;0.0;1.0;D
vehicle_LEAD_2;218;1.0;2.0;pickupShipment;6068627214;1000;0;39.88986666666667;0.0;8880.0;100.0;8880.0;1.0;1.0;D
vehicle_LEAD_2;30;2.0;3.0;pickupShipment;6068627214;1000;0;39.88986666666667;0.0;8880.0;100.0;8880.0;2.0;1.0;D
vehicle_LEAD_2;158;3.0;4.0;pickupShipment;6068627214;1000;0;39.88986666666667;0.0;8880.0;100.0;8880.0;3.0;1.0;D
vehicle_LEAD_2;31;18.99131001737996;425.0;deliverShipment;6399726036;1000;0;39.88986666666667;0.7495669999999998;7770.4909266;87.5055284527027;8880.0;18.99131001737996;406.00868998262;1
vehicle_LEAD_2;159;426.9518960962078;431.9518960962078;deliverShipment;6175361290;1000;0;39.88986666666667;0.8471619999999997;7626.0308076;85.87872531081081;8880.0;426.9518960962078;5.0;2
vehicle_LEAD_2;66;447.68770462459076;448.68770462459076;pickupShipment;6068627214;1000;0;39.88986666666667;1.6339539999999997;6461.4212892000005;72.76375325675676;8880.0;447.68770462459076;1.0;D
vehicle_LEAD_2;138;448.68770462459076;449.68770462459076;pickupShipment;6068627214;1000;0;39.88986666666667;1.6339539999999997;6461.4212892000005;72.76375325675676;8880.0;448.68770462459076;1.0;D
vehicle_LEAD_2;67;467.72440855118293;1107.7333333333333;deliverShipment;3246605497;1000;0;39.88986666666667;2.5357909999999997;5126.5221618000005;57.73110542567568;8880.0;467.72440855118293;640.0089247821504;1
vehicle_LEAD_2;219;1132.2953442093117;1161.0;deliverShipment;1764056268;1000;0;39.88986666666667;3.763893999999999;3308.6841012000014;37.25995609459461;8880.0;1132.2953442093117;28.70465579068832;2
vehicle_LEAD_2;139;1180.012561974876;1185.012561974876;deliverShipment;6855610536;1000;0;39.88986666666667;4.714523999999999;1901.5615752000012;21.413981702702717;8880.0;1180.012561974876;5.0;3
vehicle_LEAD_2;183;1185.012561974876;1190.012561974876;deliverShipment;6855610536;1000;0;39.88986666666667;4.714523999999999;1901.5615752000012;21.413981702702717;8880.0;1185.012561974876;5.0;4
vehicle_LEAD_2;-2;1213.3393753212492;0.0;end;6068627214;1000;0;39.88986666666667;5.880866999999999;175.14066660000094;1.9723048040540647;8880.0;1213.3393753212492;-1213.3393753212492;end
vehicle_LEAD_3;-1;0.0;0.0;start;6068627214;1000;0;39.88986666666667;0.0;8880.0;100.0;8880.0;0.0;0.0;start
vehicle_LEAD_3;132;0.0;1.0;pickupShipment;6068627214;1000;0;39.88986666666667;0.0;8880.0;100.0;8880.0;0.0;1.0;D
vehicle_LEAD_3;120;1.0;2.0;pickupShipment;6068627214;1000;0;39.88986666666667;0.0;8880.0;100.0;8880.0;1.0;1.0;D
vehicle_LEAD_3;174;2.0;3.0;pickupShipment;6068627214;1000;0;39.88986666666667;0.0;8880.0;100.0;8880.0;2.0;1.0;D
vehicle_LEAD_3;270;3.0;4.0;pickupShipment;6068627214;1000;0;39.88986666666667;0.0;8880.0;100.0;8880.0;3.0;1.0;D
vehicle_LEAD_3;175;15.293217413565174;425.0;deliverShipment;7182132321;1000;0;39.88986666666667;0.564662;8044.1873076;90.5876949054054;8880.0;15.293217413565174;409.7067825864348;1
vehicle_LEAD_3;121;425.0;430.0;deliverShipment;7182132321;1000;0;39.88986666666667;0.564662;8044.1873076;90.5876949054054;8880.0;425.0;5.0;2
vehicle_LEAD_3;271;432.3895552208896;437.3895552208896;deliverShipment;25312123;1000;0;39.88986666666667;0.68414;7867.335972;88.5961258108108;8880.0;432.3895552208896;5.0;3
vehicle_LEAD_3;230;446.2932174135652;447.2932174135652;pickupShipment;6068627214;1000;0;39.88986666666667;1.129324;7208.3746152;81.17538981081081;8880.0;446.2932174135652;1.0;D
vehicle_LEAD_3;228;447.2932174135652;448.2932174135652;pickupShipment;6068627214;1000;0;39.88986666666667;1.129324;7208.3746152;81.17538981081081;8880.0;447.2932174135652;1.0;D
vehicle_LEAD_3;278;448.2932174135652;449.2932174135652;pickupShipment;6068627214;1000;0;39.88986666666667;1.129324;7208.3746152;81.17538981081081;8880.0;448.2932174135652;1.0;D
vehicle_LEAD_3;231;455.9409041181918;460.9409041181918;deliverShipment;5947847671;1000;0;39.88986666666667;1.461709;6716.3783382;75.63489119594595;8880.0;455.9409041181918;5.0;1
vehicle_LEAD_3;133;460.9409041181918;465.9409041181918;deliverShipment;5947847671;1000;0;39.88986666666667;1.461709;6716.3783382;75.63489119594595;8880.0;460.9409041181918;5.0;2
vehicle_LEAD_3;229;468.3115793768413;473.3115793768413;deliverShipment;4574272246;1000;0;39.88986666666667;1.5802429999999998;6540.9243114;73.65905756081081;8880.0;468.3115793768413;5.0;3
vehicle_LEAD_3;279;473.3115793768413;478.3115793768413;deliverShipment;4574272246;1000;0;39.88986666666667;1.5802429999999998;6540.9243114;73.65905756081081;8880.0;473.3115793768413;5.0;4
vehicle_LEAD_3;210;487.1604016791967;488.1604016791967;pickupShipment;6068627214;1000;0;39.88986666666667;2.0226849999999996;5886.021663;66.2840277364865;8880.0;487.1604016791967;1.0;D
vehicle_LEAD_3;78;488.1604016791967;489.1604016791967;pickupShipment;6068627214;1000;0;39.88986666666667;2.0226849999999996;5886.021663;66.2840277364865;8880.0;488.1604016791967;1.0;D
vehicle_LEAD_3;254;489.1604016791967;490.1604016791967;pickupShipment;6068627214;1000;0;39.88986666666667;2.0226849999999996;5886.021663;66.2840277364865;8880.0;489.1604016791967;1.0;D
vehicle_LEAD_3;96;490.1604016791967;491.1604016791967;pickupShipment;6068627214;1000;0;39.88986666666667;2.0226849999999996;5886.021663;66.2840277364865;8880.0;490.1604016791967;1.0;D
vehicle_LEAD_3;255;500.29718340563323;505.29718340563323;deliverShipment;5947847657;1000;0;39.88986666666667;2.4795249999999998;5209.807095;58.66899881756756;8880.0;500.29718340563323;5.0;1
vehicle_LEAD_3;97;505.49918300163404;544.3;deliverShipment;5947847660;1000;0;39.88986666666667;2.4896249999999998;5194.857075;58.50064273648648;8880.0;505.49918300163404;38.80081699836592;2
vehicle_LEAD_3;211;548.9892106215788;553.9892106215788;deliverShipment;25312134;1000;0;39.88986666666667;2.724086;4847.8079028;54.592431337837844;8880.0;548.9892106215788;5.0;3
vehicle_LEAD_3;79;557.8975028049944;562.8975028049944;deliverShipment;25312138;1000;0;39.88986666666667;2.919501;4558.5546198;51.335074547297296;8880.0;557.8975028049944;5.0;4
vehicle_LEAD_3;242;569.1288903422193;570.1288903422193;pickupShipment;6068627214;1000;0;39.88986666666667;3.231071;4097.3687058000005;46.14153947972974;8880.0;569.1288903422193;1.0;D
vehicle_LEAD_3;1;570.1288903422193;590.8960910811954;recharge;6068627214;1000;0;39.88986666666667;3.231071;4097.3687058000005;46.14153947972974;8880.0;570.1288903422193;20.767200738976157;r1
vehicle_LEAD_3;1;570.1288903422193;590.8960910811954;recharge;6068627214;1000;0;39.88986666666667;3.231071;8880.0;100.0;8880.0;570.1288903422193;20.767200738976157;r2
vehicle_LEAD_3;262;590.8960910811954;591.8960910811954;pickupShipment;6068627214;1000;0;39.88986666666667;3.231071;8880.0;100.0;8880.0;590.8960910811954;1.0;D
vehicle_LEAD_3;126;591.8960910811954;592.8960910811954;pickupShipment;6068627214;1000;0;39.88986666666667;3.231071;8880.0;100.0;8880.0;591.8960910811954;1.0;D
vehicle_LEAD_3;84;592.8960910811954;593.8960910811954;pickupShipment;6068627214;1000;0;39.88986666666667;3.231071;8880.0;100.0;8880.0;592.8960910811954;1.0;D
vehicle_LEAD_3;85;597.6868234997306;602.6868234997306;deliverShipment;5947847668;1000;0;39.88986666666667;3.420608;8599.4473326;96.84062311486488;8880.0;597.6868234997306;5.0;1
vehicle_LEAD_3;244;606.4775559182658;607.4775559182658;pickupShipment;6068627214;1000;0;39.88986666666667;3.610145;8318.894665200001;93.68124622972974;8880.0;606.4775559182658;1.0;D
vehicle_LEAD_3;245;620.3969100795575;625.3969100795575;deliverShipment;5947847659;1000;0;39.88986666666667;4.256114;7362.731351400002;82.91364134459461;8880.0;620.3969100795575;5.0;1
vehicle_LEAD_3;243;635.8659891413994;640.8659891413994;deliverShipment;7545572182;1000;0;39.88986666666667;4.779569;6587.9132604000015;74.18821239189191;8880.0;635.8659891413994;5.0;2
vehicle_LEAD_3;263;651.5795877142023;1204.0333333333333;deliverShipment;5947847668;1000;0;39.88986666666667;5.315250000000001;5794.998244200002;65.25898923648651;8880.0;651.5795877142023;552.453745619131;3
vehicle_LEAD_3;127;1207.8240657518684;1212.8240657518684;deliverShipment;6068627214;1000;0;39.88986666666667;5.504787;5514.445576800002;62.099612351351375;8880.0;1207.8240657518684;5.0;4
vehicle_LEAD_3;178;1212.8240657518684;1213.8240657518684;pickupShipment;6068627214;1000;0;39.88986666666667;5.504787;5514.445576800002;62.099612351351375;8880.0;1212.8240657518684;1.0;D
vehicle_LEAD_3;26;1213.8240657518684;1214.8240657518684;pickupShipment;6068627214;1000;0;39.88986666666667;5.504787;5514.445576800002;62.099612351351375;8880.0;1213.8240657518684;1.0;D
vehicle_LEAD_3;290;1214.8240657518684;1215.8240657518684;pickupShipment;6068627214;1000;0;39.88986666666667;5.504787;5514.445576800002;62.099612351351375;8880.0;1214.8240657518684;1.0;D
vehicle_LEAD_3;46;1215.8240657518684;1216.8240657518684;pickupShipment;6068627214;1000;0;39.88986666666667;5.504787;5514.445576800002;62.099612351351375;8880.0;1215.8240657518684;1.0;D
vehicle_LEAD_3;291;1224.7986898026202;1229.7986898026202;deliverShipment;6297154743;1000;0;39.88986666666667;5.903519;4924.242470400001;55.453180972972994;8880.0;1224.7986898026202;5.0;1
vehicle_LEAD_3;268;1237.773313853372;1238.773313853372;pickupShipment;6068627214;1000;0;39.88986666666667;6.302251;4334.039364000001;48.806749594594606;8880.0;1237.773313853372;1.0;D
vehicle_LEAD_3;269;1256.810017779964;1261.810017779964;deliverShipment;3246605497;1000;0;39.88986666666667;7.2040880000000005;2999.140236600001;33.77410176351353;8880.0;1256.810017779964;5.0;1
vehicle_LEAD_3;47;1271.1589590820813;1276.1589590820813;deliverShipment;2244471203;1000;0;39.88986666666667;7.671536000000001;2307.223707000001;25.98224895270271;8880.0;1271.1589590820813;5.0;2
vehicle_LEAD_3;27;1279.9019715960562;1284.9019715960562;deliverShipment;4574272247;1000;0;39.88986666666667;7.858687000000001;2030.2027968000011;22.86264410810812;8880.0;1279.9019715960562;5.0;3
vehicle_LEAD_3;179;1285.8205697588598;1290.8205697588598;deliverShipment;2170533263;1000;0;39.88986666666667;7.904617000000001;1962.217210800001;22.097040662162172;8880.0;1285.8205697588598;5.0;4
vehicle_LEAD_3;-2;1302.7110859778275;0.0;end;6068627214;1000;0;39.88986666666667;8.499144000000001;1082.1983454000012;12.186918304054068;8880.0;1302.7110859778275;-1302.7110859778275;end
vehicle_LEAD_6;-1;0.0;0.0;start;6068627214;1000;0;39.88986666666667;0.0;8880.0;100.0;8880.0;0.0;0.0;start
vehicle_LEAD_6;62;0.0;1.0;pickupShipment;6068627214;1000;0;39.88986666666667;0.0;8880.0;100.0;8880.0;0.0;1.0;D
vehicle_LEAD_6;108;1.0;2.0;pickupShipment;6068627214;1000;0;39.88986666666667;0.0;8880.0;100.0;8880.0;1.0;1.0;D
vehicle_LEAD_6;14;2.0;3.0;pickupShipment;6068627214;1000;0;39.88986666666667;0.0;8880.0;100.0;8880.0;2.0;1.0;D
vehicle_LEAD_6;68;3.0;4.0;pickupShipment;6068627214;1000;0;39.88986666666667;0.0;8880.0;100.0;8880.0;3.0;1.0;D
vehicle_LEAD_6;15;13.146481707036585;425.0;deliverShipment;5947881169;1000;0;39.88986666666667;0.4573249999999999;8203.067535;92.37688665540541;8880.0;13.146481707036585;411.85351829296343;1
vehicle_LEAD_6;69;426.64461671076657;431.64461671076657;deliverShipment;3246517575;1000;0;39.88986666666667;0.5395559999999999;8081.3492088;91.00618478378378;8880.0;426.64461671076657;5.0;2
vehicle_LEAD_6;94;442.4357151285697;443.4357151285697;pickupShipment;6068627214;1000;0;39.88986666666667;1.0791119999999998;7282.6984176000005;82.01236956756757;8880.0;442.4357151285697;1.0;D
vehicle_LEAD_6;12;443.4357151285697;444.4357151285697;pickupShipment;6068627214;1000;0;39.88986666666667;1.0791119999999998;7282.6984176000005;82.01236956756757;8880.0;443.4357151285697;1.0;D
vehicle_LEAD_6;63;461.3070013859972;466.3070013859972;deliverShipment;5324491691;1000;0;39.88986666666667;1.9226779999999999;6034.052024400001;67.95103631081082;8880.0;461.3070013859972;5.0;1
vehicle_LEAD_6;13;466.34506130987734;471.34506130987734;deliverShipment;34815654;1000;0;39.88986666666667;1.9245809999999999;6031.235203800001;67.91931535810811;8880.0;466.34506130987734;5.0;2
vehicle_LEAD_6;95;471.3831212337575;476.3831212337575;deliverShipment;5324491691;1000;0;39.88986666666667;1.9264839999999999;6028.418383200001;67.88759440540542;8880.0;471.3831212337575;5.0;3
vehicle_LEAD_6;109;481.6014507970984;486.6014507970984;deliverShipment;34815656;1000;0;39.88986666666667;2.187401;5642.209039800001;63.53839008783785;8880.0;481.6014507970984;5.0;4
vehicle_LEAD_6;212;503.4557170885658;504.4557170885658;pickupShipment;6068627214;1000;0;39.88986666666667;3.030116;4394.822296800001;49.4912420810811;8880.0;503.4557170885658;1.0;D
vehicle_LEAD_6;92;504.4557170885658;505.4557170885658;pickupShipment;6068627214;1000;0;39.88986666666667;3.030116;4394.822296800001;49.4912420810811;8880.0;504.4557170885658;1.0;D
vehicle_LEAD_6;2;505.4557170885658;506.4557170885658;pickupShipment;6068627214;1000;0;39.88986666666667;3.030116;4394.822296800001;49.4912420810811;8880.0;505.4557170885658;1.0;D
vehicle_LEAD_6;160;506.4557170885658;507.4557170885658;pickupShipment;6068627214;1000;0;39.88986666666667;3.030116;4394.822296800001;49.4912420810811;8880.0;506.4557170885658;1.0;D
vehicle_LEAD_6;3;519.6147727704545;524.6147727704545;deliverShipment;4574272249;1000;0;39.88986666666667;3.63807;3494.928786000001;39.35730614864866;8880.0;519.6147727704545;5.0;1
vehicle_LEAD_6;216;536.7738284523431;537.7738284523431;pickupShipment;6068627214;1000;0;39.88986666666667;4.246024;2595.035275200001;29.223370216216228;8880.0;536.7738284523431;1.0;D
vehicle_LEAD_6;213;551.4831610336779;744.7666666666667;deliverShipment;25312126;1000;0;39.88986666666667;4.931492;1580.4055416000008;17.79735970270271;8880.0;551.4831610336779;193.28350563298875;1
vehicle_LEAD_6;161;744.7666666666667;749.7666666666667;deliverShipment;25312126;1000;0;39.88986666666667;4.931492;1580.4055416000008;17.79735970270271;8880.0;744.7666666666667;5.0;2
vehicle_LEAD_6;217;752.0638420723159;1055.3833333333334;deliverShipment;3834377376;1000;0;39.88986666666667;5.0463510000000005;1410.3912498000009;15.882784344594606;8880.0;752.0638420723159;303.31949126101756;3
vehicle_LEAD_6;176;1071.3898413203174;1072.3898413203174;pickupShipment;6068627214;1000;0;39.88986666666667;5.846678000000001;225.74722440000073;2.542198472972981;8880.0;1071.3898413203174;1.0;D
vehicle_LEAD_6;1;1072.3898413203174;1073.534023907241;recharge;6068627214;1000;0;39.88986666666667;5.846678000000001;225.74722440000073;2.542198472972981;8880.0;1072.3898413203174;1.1441825869235345;r1
vehicle_LEAD_6;1;1072.3898413203174;1073.534023907241;recharge;6068627214;1000;0;39.88986666666667;5.846678000000001;8880.0;100.0;8880.0;1072.3898413203174;1.1441825869235345;r2
vehicle_LEAD_6;20;1073.534023907241;1074.534023907241;pickupShipment;6068627214;1000;0;39.88986666666667;5.846678000000001;8880.0;100.0;8880.0;1073.534023907241;1.0;D
vehicle_LEAD_6;102;1074.534023907241;1075.534023907241;pickupShipment;6068627214;1000;0;39.88986666666667;5.846678000000001;8880.0;100.0;8880.0;1074.534023907241;1.0;D
vehicle_LEAD_6;103;1086.298382378524;1180.1;deliverShipment;7363009587;1000;0;39.88986666666667;6.3848970000000005;8083.3282362;91.02847112837837;8880.0;1086.298382378524;93.801617621476;1
vehicle_LEAD_6;21;1186.633666932666;1191.633666932666;deliverShipment;6970402888;1000;0;39.88986666666667;6.711581000000001;7599.7705794;85.58300202027027;8880.0;1186.633666932666;5.0;2
vehicle_LEAD_6;177;1195.1993598012803;1200.1993598012803;deliverShipment;6297154746;1000;0;39.88986666666667;6.8898660000000005;7335.8731224;82.61118381081081;8880.0;1195.1993598012803;5.0;3
vehicle_LEAD_6;222;1218.5165231669534;1219.5165231669534;pickupShipment;6068627214;1000;0;39.88986666666667;7.805726000000001;5980.2171504;67.34478772972973;8880.0;1218.5165231669534;1.0;D
vehicle_LEAD_6;52;1219.5165231669534;1220.5165231669534;pickupShipment;6068627214;1000;0;39.88986666666667;7.805726000000001;5980.2171504;67.34478772972973;8880.0;1219.5165231669534;1.0;D
vehicle_LEAD_6;220;1220.5165231669534;1221.5165231669534;pickupShipment;6068627214;1000;0;39.88986666666667;7.805726000000001;5980.2171504;67.34478772972973;8880.0;1220.5165231669534;1.0;D
vehicle_LEAD_6;53;1237.625710948578;1242.625710948578;deliverShipment;7545602964;1000;0;39.88986666666667;8.611187000000001;4787.973778199999;53.91862362837837;8880.0;1237.625710948578;5.0;1
vehicle_LEAD_6;93;1242.6998108003784;1247.6998108003784;deliverShipment;6921021576;1000;0;39.88986666666667;8.614892000000001;4782.489637199999;53.856865283783776;8880.0;1242.6998108003784;5.0;2
vehicle_LEAD_6;221;1251.6793028413942;1256.6793028413942;deliverShipment;2636357128;1000;0;39.88986666666667;8.813867000000002;4487.9668421999995;50.54016714189189;8880.0;1251.6793028413942;5.0;3
vehicle_LEAD_6;56;1272.844250511499;1273.844250511499;pickupShipment;6068627214;1000;0;39.88986666666667;9.622116000000002;3291.5966724;37.067530094594595;8880.0;1272.844250511499;1.0;D
vehicle_LEAD_6;50;1273.844250511499;1274.844250511499;pickupShipment;6068627214;1000;0;39.88986666666667;9.622116000000002;3291.5966724;37.067530094594595;8880.0;1273.844250511499;1.0;D
vehicle_LEAD_6;184;1274.844250511499;1275.844250511499;pickupShipment;6068627214;1000;0;39.88986666666667;9.622116000000002;3291.5966724;37.067530094594595;8880.0;1274.844250511499;1.0;D
vehicle_LEAD_6;57;1294.126013947972;1299.126013947972;deliverShipment;6872884066;1000;0;39.88986666666667;10.536206000000002;1938.5606544;21.830638;8880.0;1294.126013947972;5.0;1
vehicle_LEAD_6;223;1299.126013947972;1304.126013947972;deliverShipment;6872884066;1000;0;39.88986666666667;10.536206000000002;1938.5606544;21.830638;8880.0;1299.126013947972;5.0;2
vehicle_LEAD_6;51;1304.2514336971326;1309.2514336971326;deliverShipment;6842687749;1000;0;39.88986666666667;10.542477000000002;1929.2783202;21.72610720945946;8880.0;1304.2514336971326;5.0;3
vehicle_LEAD_6;185;1310.591091017818;1315.591091017818;deliverShipment;2244092196;1000;0;39.88986666666667;10.609460000000002;1830.1300836;20.60957301351351;8880.0;1310.591091017818;5.0;4
vehicle_LEAD_6;-2;1335.3379315241368;0.0;end;6068627214;1000;0;39.88986666666667;11.596804000000002;368.6634948000003;4.151615932432436;8880.0;1335.3379315241368;-1335.3379315241368;end
vehicle_LEAD_8;-1;0.0;0.0;start;6068627214;1000;0;39.88986666666667;0.0;8880.0;100.0;8880.0;0.0;0.0;start
vehicle_LEAD_8;130;0.0;1.0;pickupShipment;6068627214;1000;0;39.88986666666667;0.0;8880.0;100.0;8880.0;0.0;1.0;D
vehicle_LEAD_8;188;1.0;2.0;pickupShipment;6068627214;1000;0;39.88986666666667;0.0;8880.0;100.0;8880.0;1.0;1.0;D
vehicle_LEAD_8;134;2.0;3.0;pickupShipment;6068627214;1000;0;39.88986666666667;0.0;8880.0;100.0;8880.0;2.0;1.0;D
vehicle_LEAD_8;156;3.0;4.0;pickupShipment;6068627214;1000;0;39.88986666666667;0.0;8880.0;100.0;8880.0;3.0;1.0;D
vehicle_LEAD_8;131;29.65406869186262;425.0;deliverShipment;27503214;1000;0;39.88986666666667;1.2827060000000001;6981.3385788;78.61867768918918;8880.0;29.65406869186262;395.3459313081374;1
vehicle_LEAD_8;135;430.0168299663401;435.0168299663401;deliverShipment;1754647299;1000;0;39.88986666666667;1.5335480000000001;6610.0422504;74.43741272972973;8880.0;430.0168299663401;5.0;2
vehicle_LEAD_8;189;435.0168299663401;440.0168299663401;deliverShipment;1754647299;1000;0;39.88986666666667;1.5335480000000001;6610.0422504;74.43741272972973;8880.0;435.0168299663401;5.0;3
vehicle_LEAD_8;157;442.1700456599087;1014.5833333333334;deliverShipment;33255445;1000;0;39.88986666666667;1.6412090000000001;6450.6824381999995;72.64282025;8880.0;442.1700456599087;572.4132876734247;4
vehicle_LEAD_8;88;1042.184238131524;1043.184238131524;pickupShipment;6068627214;1000;0;39.88986666666667;3.0212570000000007;4407.935388599999;49.638912033783775;8880.0;1042.184238131524;1.0;D
vehicle_LEAD_8;118;1043.184238131524;1044.184238131524;pickupShipment;6068627214;1000;0;39.88986666666667;3.0212570000000007;4407.935388599999;49.638912033783775;8880.0;1043.184238131524;1.0;D
vehicle_LEAD_8;80;1044.184238131524;1045.184238131524;pickupShipment;6068627214;1000;0;39.88986666666667;3.0212570000000007;4407.935388599999;49.638912033783775;8880.0;1044.184238131524;1.0;D
vehicle_LEAD_8;89;1050.1195482609037;1057.1833333333334;deliverShipment;35678668;1000;0;39.88986666666667;3.268023000000001;4042.672355399999;45.52558958783783;8880.0;1050.1195482609037;7.0637850724297095;1
vehicle_LEAD_8;119;1061.0968455063091;1066.0968455063091;deliverShipment;4574272246;1000;0;39.88986666666667;3.463699000000001;3753.0327401999994;42.26388220945945;8880.0;1061.0968455063091;5.0;2
vehicle_LEAD_8;81;1066.0968455063091;1071.0968455063091;deliverShipment;4574272246;1000;0;39.88986666666667;3.463699000000001;3753.0327401999994;42.26388220945945;8880.0;1066.0968455063091;5.0;3
vehicle_LEAD_8;192;1079.9456678086644;1080.9456678086644;pickupShipment;6068627214;1000;0;39.88986666666667;3.9061410000000008;3098.1300917999993;34.888852385135124;8880.0;1079.9456678086644;1.0;D
vehicle_LEAD_8;146;1080.9456678086644;1081.9456678086644;pickupShipment;6068627214;1000;0;39.88986666666667;3.9061410000000008;3098.1300917999993;34.888852385135124;8880.0;1080.9456678086644;1.0;D
vehicle_LEAD_8;124;1081.9456678086644;1082.9456678086644;pickupShipment;6068627214;1000;0;39.88986666666667;3.9061410000000008;3098.1300917999993;34.888852385135124;8880.0;1081.9456678086644;1.0;D
vehicle_LEAD_8;10;1082.9456678086644;1083.9456678086644;pickupShipment;6068627214;1000;0;39.88986666666667;3.9061410000000008;3098.1300917999993;34.888852385135124;8880.0;1082.9456678086644;1.0;D
vehicle_LEAD_8;147;1096.9964417071167;1101.9964417071167;deliverShipment;2170533264;1000;0;39.88986666666667;4.558681000000001;2132.240383799999;24.011716033783774;8880.0;1096.9964417071167;5.0;1
vehicle_LEAD_8;125;1101.9964417071167;1106.9964417071167;deliverShipment;2170533264;1000;0;39.88986666666667;4.558681000000001;2132.240383799999;24.011716033783774;8880.0;1101.9964417071167;5.0;2
vehicle_LEAD_8;11;1106.9964417071167;1111.9964417071167;deliverShipment;2170533264;1000;0;39.88986666666667;4.558681000000001;2132.240383799999;24.011716033783774;8880.0;1106.9964417071167;5.0;3
vehicle_LEAD_8;193;1121.058163583673;1146.6;deliverShipment;5947847657;1000;0;39.88986666666667;5.011768000000001;1461.5810063999993;16.45924556756756;8880.0;1121.058163583673;25.541836416326987;4
vehicle_LEAD_8;288;1155.7367817264364;1156.7367817264364;pickupShipment;6068627214;1000;0;39.88986666666667;5.468608000000001;785.3664383999994;8.844216648648642;8880.0;1155.7367817264364;1.0;D
vehicle_LEAD_8;24;1156.7367817264364;1157.7367817264364;pickupShipment;6068627214;1000;0;39.88986666666667;5.468608000000001;785.3664383999994;8.844216648648642;8880.0;1156.7367817264364;1.0;D
vehicle_LEAD_8;112;1157.7367817264364;1158.7367817264364;pickupShipment;6068627214;1000;0;39.88986666666667;5.468608000000001;785.3664383999994;8.844216648648642;8880.0;1157.7367817264364;1.0;D
vehicle_LEAD_8;236;1158.7367817264364;1159.7367817264364;pickupShipment;6068627214;1000;0;39.88986666666667;5.468608000000001;785.3664383999994;8.844216648648642;8880.0;1158.7367817264364;1.0;D
vehicle_LEAD_8;1;1159.7367817264364;1163.71735161189;recharge;6068627214;1000;0;39.88986666666667;5.468608000000001;785.3664383999994;8.844216648648642;8880.0;1159.7367817264364;3.980569885453633;r1
vehicle_LEAD_8;1;1159.7367817264364;1163.71735161189;recharge;6068627214;1000;0;39.88986666666667;5.468608000000001;8880.0;100.0;8880.0;1159.7367817264364;3.980569885453633;r2
vehicle_LEAD_8;8;1163.71735161189;1164.71735161189;pickupShipment;6068627214;1000;0;39.88986666666667;5.468608000000001;8880.0;100.0;8880.0;1163.71735161189;1.0;D
vehicle_LEAD_8;289;1169.6526617412699;1174.6526617412699;deliverShipment;35678668;1000;0;39.88986666666667;5.715374000000001;8514.7369668;95.88667755405405;8880.0;1169.6526617412699;5.0;1
vehicle_LEAD_8;9;1180.7684095097743;1185.7684095097743;deliverShipment;7363009586;1000;0;39.88986666666667;6.021162;8062.109569199999;90.78952217567566;8880.0;1180.7684095097743;5.0;2
vehicle_LEAD_8;25;1189.1471827522278;1194.1471827522278;deliverShipment;7363009590;1000;0;39.88986666666667;6.190101;7812.0460613999985;87.97349168243241;8880.0;1189.1471827522278;5.0;3
vehicle_LEAD_8;113;1194.482362081869;1199.482362081869;deliverShipment;6297154743;1000;0;39.88986666666667;6.206860000000001;7787.2393895999985;87.69413727027026;8880.0;1194.482362081869;5.0;4
vehicle_LEAD_8;140;1207.4569861326208;1208.4569861326208;pickupShipment;6068627214;1000;0;39.88986666666667;6.605592000000001;7197.036283199998;81.04770589189188;8880.0;1207.4569861326208;1.0;D
vehicle_LEAD_8;166;1208.4569861326208;1209.4569861326208;pickupShipment;6068627214;1000;0;39.88986666666667;6.605592000000001;7197.036283199998;81.04770589189188;8880.0;1208.4569861326208;1.0;D
vehicle_LEAD_8;252;1209.4569861326208;1210.4569861326208;pickupShipment;6068627214;1000;0;39.88986666666667;6.605592000000001;7197.036283199998;81.04770589189188;8880.0;1209.4569861326208;1.0;D
vehicle_LEAD_8;253;1225.2090166285598;1230.2090166285598;deliverShipment;1384090139;1000;0;39.88986666666667;7.343195000000001;6105.236322599998;68.75266129054052;8880.0;1225.2090166285598;5.0;1
vehicle_LEAD_8;167;1233.3704103057723;1238.3704103057723;deliverShipment;2244092202;1000;0;39.88986666666667;7.501265000000001;5871.261108599998;66.117805277027;8880.0;1233.3704103057723;5.0;2
vehicle_LEAD_8;141;1242.014363017867;1247.014363017867;deliverShipment;34815653;1000;0;39.88986666666667;7.683463000000001;5601.571628999998;63.08076158783782;8880.0;1242.014363017867;5.0;3
vehicle_LEAD_8;237;1247.014363017867;1252.014363017867;deliverShipment;34815653;1000;0;39.88986666666667;7.683463000000001;5601.571628999998;63.08076158783782;8880.0;1247.014363017867;5.0;4
vehicle_LEAD_8;-2;1266.272454501684;0.0;end;6068627214;1000;0;39.88986666666667;8.396369;4546.3281677999985;51.19738927702701;8880.0;1266.272454501684;-1266.272454501684;end
vehicle_LEAD_9;-1;0.0;0.0;start;6068627214;1000;0;39.88986666666667;0.0;8880.0;100.0;8880.0;0.0;0.0;start
vehicle_LEAD_9;214;0.0;1.0;pickupShipment;6068627214;1000;0;39.88986666666667;0.0;8880.0;100.0;8880.0;0.0;1.0;D
vehicle_LEAD_9;194;1.0;2.0;pickupShipment;6068627214;1000;0;39.88986666666667;0.0;8880.0;100.0;8880.0;1.0;1.0;D
vehicle_LEAD_9;215;4.000055999888;425.0;deliverShipment;5947871000;1000;0;39.88986666666667;0.10000299999999998;8731.9755594;98.33305810135134;8880.0;4.000055999888;420.999944000112;1
vehicle_LEAD_9;195;425.26477947044106;430.26477947044106;deliverShipment;5947870999;1000;0;39.88986666666667;0.11324199999999998;8712.3791916;98.11237828378377;8880.0;425.26477947044106;5.0;2
vehicle_LEAD_9;36;432.5296149407701;433.5296149407701;pickupShipment;6068627214;1000;0;39.88986666666667;0.22648399999999996;8544.758383199998;96.22475656756755;8880.0;432.5296149407701;1.0;D
vehicle_LEAD_9;122;433.5296149407701;434.5296149407701;pickupShipment;6068627214;1000;0;39.88986666666667;0.22648399999999996;8544.758383199998;96.22475656756755;8880.0;433.5296149407701;1.0;D
vehicle_LEAD_9;204;434.5296149407701;435.5296149407701;pickupShipment;6068627214;1000;0;39.88986666666667;0.22648399999999996;8544.758383199998;96.22475656756755;8880.0;434.5296149407701;1.0;D
vehicle_LEAD_9;37;437.5296709406581;442.5296709406581;deliverShipment;5947871000;1000;0;39.88986666666667;0.32648699999999997;8396.733942599998;94.5578146689189;8880.0;437.5296709406581;5.0;1
vehicle_LEAD_9;123;443.07038985922026;448.07038985922026;deliverShipment;4574272238;1000;0;39.88986666666667;0.353523;8356.715255399999;94.10715377702701;8880.0;443.07038985922026;5.0;2
vehicle_LEAD_9;205;451.51520296959404;456.51520296959404;deliverShipment;5947847666;1000;0;39.88986666666667;0.525764;8101.764127199998;91.2360825135135;8880.0;451.51520296959404;5.0;3
vehicle_LEAD_9;260;462.0243319513361;463.0243319513361;pickupShipment;6068627214;1000;0;39.88986666666667;0.801221;7694.032675799998;86.64451211486485;8880.0;462.0243319513361;1.0;D
vehicle_LEAD_9;28;463.0243319513361;464.0243319513361;pickupShipment;6068627214;1000;0;39.88986666666667;0.801221;7694.032675799998;86.64451211486485;8880.0;463.0243319513361;1.0;D
vehicle_LEAD_9;18;464.0243319513361;465.0243319513361;pickupShipment;6068627214;1000;0;39.88986666666667;0.801221;7694.032675799998;86.64451211486485;8880.0;464.0243319513361;1.0;D
vehicle_LEAD_9;282;465.0243319513361;466.0243319513361;pickupShipment;6068627214;1000;0;39.88986666666667;0.801221;7694.032675799998;86.64451211486485;8880.0;465.0243319513361;1.0;D
vehicle_LEAD_9;261;476.8154303691392;481.8154303691392;deliverShipment;3246517575;1000;0;39.88986666666667;1.3407769999999999;6895.381884599999;77.65069689864863;8880.0;476.8154303691392;5.0;1
vehicle_LEAD_9;29;481.8154303691392;486.8154303691392;deliverShipment;3246517575;1000;0;39.88986666666667;1.3407769999999999;6895.381884599999;77.65069689864863;8880.0;481.8154303691392;5.0;2
vehicle_LEAD_9;19;491.1799016401967;496.1799016401967;deliverShipment;6921021579;1000;0;39.88986666666667;1.5590009999999999;6572.3667197999985;74.01313873648647;8880.0;491.1799016401967;5.0;3
vehicle_LEAD_9;283;496.1799016401967;884.2833333333333;deliverShipment;6921021579;1000;0;39.88986666666667;1.5590009999999999;6572.3667197999985;74.01313873648647;8880.0;496.1799016401967;388.1034316931366;4
vehicle_LEAD_9;54;895.8555101889796;896.8555101889796;pickupShipment;6068627214;1000;0;39.88986666666667;2.1376109999999997;5715.908197799999;64.36833556081079;8880.0;895.8555101889796;1.0;D
vehicle_LEAD_9;238;896.8555101889796;897.8555101889796;pickupShipment;6068627214;1000;0;39.88986666666667;2.1376109999999997;5715.908197799999;64.36833556081079;8880.0;896.8555101889796;1.0;D
vehicle_LEAD_9;55;904.5165568668862;909.5165568668862;deliverShipment;5947847669;1000;0;39.88986666666667;2.4706639999999997;5222.923147199998;58.81670210810809;8880.0;904.5165568668862;5.0;1
vehicle_LEAD_9;239;912.1942915114168;917.1942915114168;deliverShipment;5947847660;1000;0;39.88986666666667;2.604551;5024.743609799998;56.58495056081079;8880.0;912.1942915114168;5.0;2
vehicle_LEAD_9;190;926.5330728338542;927.5330728338542;pickupShipment;6068627214;1000;0;39.88986666666667;3.071491;4333.579021799998;48.80156556081079;8880.0;926.5330728338542;1.0;D
vehicle_LEAD_9;70;927.5330728338542;928.5330728338542;pickupShipment;6068627214;1000;0;39.88986666666667;3.071491;4333.579021799998;48.80156556081079;8880.0;927.5330728338542;1.0;D
vehicle_LEAD_9;206;928.5330728338542;929.5330728338542;pickupShipment;6068627214;1000;0;39.88986666666667;3.071491;4333.579021799998;48.80156556081079;8880.0;928.5330728338542;1.0;D
vehicle_LEAD_9;110;929.5330728338542;930.5330728338542;pickupShipment;6068627214;1000;0;39.88986666666667;3.071491;4333.579021799998;48.80156556081079;8880.0;929.5330728338542;1.0;D
vehicle_LEAD_9;207;947.3937391125216;996.15;deliverShipment;6970402908;1000;0;39.88986666666667;3.914526;3085.7186147999982;34.749083499999976;8880.0;947.3937391125216;48.756260887478334;1
vehicle_LEAD_9;111;1001.6077890844218;1009.1833333333333;deliverShipment;2244471203;1000;0;39.88986666666667;4.187416;2681.786836799998;30.200302216216198;8880.0;1001.6077890844218;7.575544248911456;2
vehicle_LEAD_9;71;1011.2301692396614;1016.2301692396614;deliverShipment;6297154746;1000;0;39.88986666666667;4.289758;2530.300208399998;28.494371716216193;8880.0;1011.2301692396614;5.0;3
vehicle_LEAD_9;191;1021.3843989312021;1027.1833333333334;deliverShipment;6297154739;1000;0;39.88986666666667;4.54747;2148.834905999998;24.198591283783763;8880.0;1021.3843989312021;5.7989344021312945;4
vehicle_LEAD_9;274;1040.1339474321053;1041.1339474321053;pickupShipment;6068627214;1000;0;39.88986666666667;5.195002;1190.3580395999984;13.404932878378359;8880.0;1040.1339474321053;1.0;D
vehicle_LEAD_9;38;1041.1339474321053;1042.1339474321053;pickupShipment;6068627214;1000;0;39.88986666666667;5.195002;1190.3580395999984;13.404932878378359;8880.0;1041.1339474321053;1.0;D
vehicle_LEAD_9;294;1042.1339474321053;1043.1339474321053;pickupShipment;6068627214;1000;0;39.88986666666667;5.195002;1190.3580395999984;13.404932878378359;8880.0;1042.1339474321053;1.0;D
vehicle_LEAD_9;196;1043.1339474321053;1044.1339474321053;pickupShipment;6068627214;1000;0;39.88986666666667;5.195002;1190.3580395999984;13.404932878378359;8880.0;1043.1339474321053;1.0;D
vehicle_LEAD_9;39;1049.6430764138472;1054.6430764138472;deliverShipment;5947847666;1000;0;39.88986666666667;5.470459;782.6265881999984;8.813362479729712;8880.0;1049.6430764138472;5.0;1
vehicle_LEAD_9;295;1054.8637759724481;1059.8637759724481;deliverShipment;5947847665;1000;0;39.88986666666667;5.481494;766.2925811999984;8.629420959459441;8880.0;1054.8637759724481;5.0;2
vehicle_LEAD_9;197;1059.8637759724481;1109.1333333333334;deliverShipment;5947847665;1000;0;39.88986666666667;5.481494;766.2925811999984;8.629420959459441;8880.0;1059.8637759724481;49.2695573608853;3
vehicle_LEAD_9;275;1111.2224091551818;1116.2224091551818;deliverShipment;25312137;1000;0;39.88986666666667;5.585947999999999;611.6797703999983;6.888285702702684;8880.0;1111.2224091551818;5.0;4
vehicle_LEAD_9;144;1119.8631618736763;1120.8631618736763;pickupShipment;6068627214;1000;0;39.88986666666667;5.767986;342.2271227999983;3.8539090405405214;8880.0;1119.8631618736763;1.0;D
vehicle_LEAD_9;1;1120.8631618736763;1122.5977139405795;recharge;6068627214;1000;0;39.88986666666667;5.767986;342.2271227999983;3.8539090405405214;8880.0;1120.8631618736763;1.734552066903234;r1
vehicle_LEAD_9;1;1120.8631618736763;1122.5977139405795;recharge;6068627214;1000;0;39.88986666666667;5.767986;8880.0;100.0;8880.0;1120.8631618736763;1.734552066903234;r2
vehicle_LEAD_9;6;1122.5977139405795;1123.5977139405795;pickupShipment;6068627214;1000;0;39.88986666666667;5.767986;8880.0;100.0;8880.0;1122.5977139405795;1.0;D
vehicle_LEAD_9;224;1123.5977139405795;1124.5977139405795;pickupShipment;6068627214;1000;0;39.88986666666667;5.767986;8880.0;100.0;8880.0;1123.5977139405795;1.0;D
vehicle_LEAD_9;106;1124.5977139405795;1125.5977139405795;pickupShipment;6068627214;1000;0;39.88986666666667;5.767986;8880.0;100.0;8880.0;1124.5977139405795;1.0;D
vehicle_LEAD_9;7;1138.3678084003907;1143.3678084003907;deliverShipment;6921021577;1000;0;39.88986666666667;6.406491999999999;7934.8834188;89.35679525675675;8880.0;1138.3678084003907;5.0;1
vehicle_LEAD_9;145;1146.7626616106843;1151.7626616106843;deliverShipment;2636357128;1000;0;39.88986666666667;6.576235;7683.6298302000005;86.52736295270272;8880.0;1146.7626616106843;5.0;2
vehicle_LEAD_9;107;1154.437676260655;1159.437676260655;deliverShipment;2636357171;1000;0;39.88986666666667;6.709986;7485.6516;84.29787837837837;8880.0;1154.437676260655;5.0;3
vehicle_LEAD_9;225;1165.66074381452;1170.66074381452;deliverShipment;6921021576;1000;0;39.88986666666667;7.02114;7025.0814492;79.11127758108108;8880.0;1165.66074381452;5.0;4
vehicle_LEAD_9;170;1186.695831744344;1187.695831744344;pickupShipment;6068627214;1000;0;39.88986666666667;7.822896;5838.322217999999;65.74687182432432;8880.0;1186.695831744344;1.0;D
vehicle_LEAD_9;172;1187.695831744344;1188.695831744344;pickupShipment;6068627214;1000;0;39.88986666666667;7.822896;5838.322217999999;65.74687182432432;8880.0;1187.695831744344;1.0;D
vehicle_LEAD_9;154;1188.695831744344;1189.695831744344;pickupShipment;6068627214;1000;0;39.88986666666667;7.822896;5838.322217999999;65.74687182432432;8880.0;1188.695831744344;1.0;D
vehicle_LEAD_9;226;1189.695831744344;1190.695831744344;pickupShipment;6068627214;1000;0;39.88986666666667;7.822896;5838.322217999999;65.74687182432432;8880.0;1189.695831744344;1.0;D
vehicle_LEAD_9;171;1205.3457424445228;1210.3457424445228;deliverShipment;2088132520;1000;0;39.88986666666667;8.555393;4754.0801586;53.53693872297297;8880.0;1205.3457424445228;5.0;1
vehicle_LEAD_9;155;1213.181556772894;1218.181556772894;deliverShipment;6970402888;1000;0;39.88986666666667;8.697184;4544.2011204;51.173436040540544;8880.0;1213.181556772894;5.0;2
vehicle_LEAD_9;173;1220.4652722054632;1225.4652722054632;deliverShipment;1384090139;1000;0;39.88986666666667;8.81137;4375.1830032;49.270078864864864;8880.0;1220.4652722054632;5.0;3
vehicle_LEAD_9;227;1227.2970285419506;1232.2970285419506;deliverShipment;2244471203;1000;0;39.88986666666667;8.902958;4239.6144456;47.74340591891892;8880.0;1227.2970285419506;5.0;4
vehicle_LEAD_9;58;1246.9671592016894;1247.9671592016894;pickupShipment;6068627214;1000;0;39.88986666666667;9.636466;3153.8759040000004;35.51662054054054;8880.0;1246.9671592016894;1.0;D
vehicle_LEAD_9;200;1247.9671592016894;1248.9671592016894;pickupShipment;6068627214;1000;0;39.88986666666667;9.636466;3153.8759040000004;35.51662054054054;8880.0;1247.9671592016894;1.0;D
vehicle_LEAD_9;32;1248.9671592016894;1249.9671592016894;pickupShipment;6068627214;1000;0;39.88986666666667;9.636466;3153.8759040000004;35.51662054054054;8880.0;1248.9671592016894;1.0;D
vehicle_LEAD_9;258;1249.9671592016894;1250.9671592016894;pickupShipment;6068627214;1000;0;39.88986666666667;9.636466;3153.8759040000004;35.51662054054054;8880.0;1249.9671592016894;1.0;D
vehicle_LEAD_9;59;1258.9417832524412;1263.9417832524412;deliverShipment;6297154743;1000;0;39.88986666666667;10.035198000000001;2563.6727976;28.870189162162163;8880.0;1258.9417832524412;5.0;1
vehicle_LEAD_9;201;1266.9799171761733;1271.9799171761733;deliverShipment;5947870991;1000;0;39.88986666666667;10.187105;2338.8200562;26.338063695945944;8880.0;1266.9799171761733;5.0;2
vehicle_LEAD_9;33;1282.163696808614;1287.163696808614;deliverShipment;2244092187;1000;0;39.88986666666667;10.696295000000001;1585.1170182000003;17.850416871621626;8880.0;1282.163696808614;5.0;3
vehicle_LEAD_9;259;1290.5340700678676;1295.5340700678676;deliverShipment;35678578;1000;0;39.88986666666667;10.864814;1335.6751944000002;15.041387324324326;8880.0;1290.5340700678676;5.0;4
vehicle_LEAD_9;-2;1308.3133245093586;0.0;end;6068627214;1000;0;39.88986666666667;11.503778;389.88068160000023;4.390548216216219;8880.0;1308.3133245093586;-1308.3133245093586;end
vehicle_LEAD_10;-1;0.0;0.0;start;6068627214;1000;0;39.88986666666667;0.0;8880.0;100.0;8880.0;0.0;0.0;start
vehicle_LEAD_10;284;0.0;1.0;pickupShipment;6068627214;1000;0;39.88986666666667;0.0;8880.0;100.0;8880.0;0.0;1.0;D
vehicle_LEAD_10;72;1.0;2.0;pickupShipment;6068627214;1000;0;39.88986666666667;0.0;8880.0;100.0;8880.0;1.0;1.0;D
vehicle_LEAD_10;232;2.0;3.0;pickupShipment;6068627214;1000;0;39.88986666666667;0.0;8880.0;100.0;8880.0;2.0;1.0;D
vehicle_LEAD_10;98;3.0;4.0;pickupShipment;6068627214;1000;0;39.88986666666667;0.0;8880.0;100.0;8880.0;3.0;1.0;D
vehicle_LEAD_10;73;7.790732418535163;425.0;deliverShipment;5947847668;1000;0;39.88986666666667;0.189537;8599.4473326;96.84062311486488;8880.0;7.790732418535163;417.2092675814648;1
vehicle_LEAD_10;285;427.5718548562903;432.5718548562903;deliverShipment;5947847672;1000;0;39.88986666666667;0.31813;8409.103974000001;94.69711682432434;8880.0;427.5718548562903;5.0;2
vehicle_LEAD_10;233;446.91196617606766;451.91196617606766;deliverShipment;829114775;1000;0;39.88986666666667;1.0351369999999998;7347.790212600002;82.74538527702705;8880.0;446.91196617606766;5.0;3
vehicle_LEAD_10;99;475.4778390443219;480.4778390443219;deliverShipment;7545572016;1000;0;39.88986666666667;2.2134329999999998;5603.676473400002;63.10446479054056;8880.0;475.4778390443219;5.0;4
vehicle_LEAD_10;276;499.0778618442763;500.0778618442763;pickupShipment;6068627214;1000;0;39.88986666666667;3.1434359999999995;4227.086032800002;47.60232018918921;8880.0;499.0778618442763;1.0;D
vehicle_LEAD_10;44;500.0778618442763;501.0778618442763;pickupShipment;6068627214;1000;0;39.88986666666667;3.1434359999999995;4227.086032800002;47.60232018918921;8880.0;500.0778618442763;1.0;D
vehicle_LEAD_10;246;501.0778618442763;502.0778618442763;pickupShipment;6068627214;1000;0;39.88986666666667;3.1434359999999995;4227.086032800002;47.60232018918921;8880.0;501.0778618442763;1.0;D
vehicle_LEAD_10;164;502.0778618442763;503.0778618442763;pickupShipment;6068627214;1000;0;39.88986666666667;3.1434359999999995;4227.086032800002;47.60232018918921;8880.0;502.0778618442763;1.0;D
vehicle_LEAD_10;45;523.6644806710386;528.6644806710386;deliverShipment;6109991842;1000;0;39.88986666666667;4.172769;2703.4673262000015;30.444451871621638;8880.0;523.6644806710386;5.0;1
vehicle_LEAD_10;165;530.0497779004442;535.0497779004442;deliverShipment;958117975;1000;0;39.88986666666667;4.242033999999999;2600.9412732000014;29.289879202702718;8880.0;530.0497779004442;5.0;2
vehicle_LEAD_10;277;537.6940126119747;542.6940126119747;deliverShipment;1581680176;1000;0;39.88986666666667;4.374245999999999;2405.2410708000016;27.086048094594613;8880.0;537.6940126119747;5.0;3
vehicle_LEAD_10;247;542.6940126119747;547.6940126119747;deliverShipment;1581680176;1000;0;39.88986666666667;4.374245999999999;2405.2410708000016;27.086048094594613;8880.0;542.6940126119747;5.0;4
vehicle_LEAD_10;292;569.539568920862;570.539568920862;pickupShipment;6068627214;1000;0;39.88986666666667;5.466525999999999;788.4482148000016;8.878921337837856;8880.0;569.539568920862;1.0;D
vehicle_LEAD_10;250;570.539568920862;571.539568920862;pickupShipment;6068627214;1000;0;39.88986666666667;5.466525999999999;788.4482148000016;8.878921337837856;8880.0;570.539568920862;1.0;D
vehicle_LEAD_10;22;571.539568920862;572.539568920862;pickupShipment;6068627214;1000;0;39.88986666666667;5.466525999999999;788.4482148000016;8.878921337837856;8880.0;571.539568920862;1.0;D
vehicle_LEAD_10;1;572.539568920862;576.5357585549218;recharge;6068627214;1000;0;39.88986666666667;5.466525999999999;788.4482148000016;8.878921337837856;8880.0;572.539568920862;3.9961896340597605;r1
vehicle_LEAD_10;1;572.539568920862;576.5357585549218;recharge;6068627214;1000;0;39.88986666666667;5.466525999999999;8880.0;100.0;8880.0;572.539568920862;3.9961896340597605;r2
vehicle_LEAD_10;256;576.5357585549218;577.5357585549218;pickupShipment;6068627214;1000;0;39.88986666666667;5.466525999999999;8880.0;100.0;8880.0;576.5357585549218;1.0;D
vehicle_LEAD_10;257;591.7938500387388;641.1166666666667;deliverShipment;34815653;1000;0;39.88986666666667;6.179431999999999;7824.7565388;88.1166276891892;8880.0;591.7938500387388;49.322816627927864;1
vehicle_LEAD_10;293;641.1166666666667;646.1166666666667;deliverShipment;34815653;1000;0;39.88986666666667;6.179431999999999;7824.7565388;88.1166276891892;8880.0;641.1166666666667;5.0;2
vehicle_LEAD_10;23;647.5063438873123;652.5063438873123;deliverShipment;1683287884;1000;0;39.88986666666667;6.2489159999999995;7721.906322000001;86.95840452702703;8880.0;647.5063438873123;5.0;3
vehicle_LEAD_10;251;652.947943004114;657.947943004114;deliverShipment;27503208;1000;0;39.88986666666667;6.270995999999999;7689.223506;86.5903547972973;8880.0;652.947943004114;5.0;4
vehicle_LEAD_10;180;673.1541125917748;674.1541125917748;pickupShipment;6068627214;1000;0;39.88986666666667;7.031305999999999;6563.812644;73.91680905405404;8880.0;673.1541125917748;1.0;D
vehicle_LEAD_10;48;674.1541125917748;675.1541125917748;pickupShipment;6068627214;1000;0;39.88986666666667;7.031305999999999;6563.812644;73.91680905405404;8880.0;674.1541125917748;1.0;D
vehicle_LEAD_10;42;675.1541125917748;676.1541125917748;pickupShipment;6068627214;1000;0;39.88986666666667;7.031305999999999;6563.812644;73.91680905405404;8880.0;675.1541125917748;1.0;D
vehicle_LEAD_10;208;676.1541125917748;677.1541125917748;pickupShipment;6068627214;1000;0;39.88986666666667;7.031305999999999;6563.812644;73.91680905405404;8880.0;676.1541125917748;1.0;D
vehicle_LEAD_10;43;689.9242070515859;775.0333333333333;deliverShipment;6921021577;1000;0;39.88986666666667;7.6698119999999985;5618.6960628;63.2736043108108;8880.0;689.9242070515859;85.10912628174742;1
vehicle_LEAD_10;49;776.2616508766982;781.2616508766982;deliverShipment;6921021581;1000;0;39.88986666666667;7.731227999999999;5527.788099599999;62.24986598648648;8880.0;776.2616508766982;5.0;2
vehicle_LEAD_10;209;785.3206827586345;790.3206827586345;deliverShipment;6399728608;1000;0;39.88986666666667;7.934179999999999;5227.3785492;58.866875554054054;8880.0;785.3206827586345;5.0;3
vehicle_LEAD_10;181;794.6082141835716;799.6082141835716;deliverShipment;25312133;1000;0;39.88986666666667;8.148556999999998;4910.0577138;55.293442722972976;8880.0;794.6082141835716;5.0;4
vehicle_LEAD_10;198;805.5067823864351;806.5067823864351;pickupShipment;6068627214;1000;0;39.88986666666667;8.443485999999998;4473.5038079999995;50.37729513513513;8880.0;805.5067823864351;1.0;D
vehicle_LEAD_10;90;806.5067823864351;807.5067823864351;pickupShipment;6068627214;1000;0;39.88986666666667;8.443485999999998;4473.5038079999995;50.37729513513513;8880.0;806.5067823864351;1.0;D
vehicle_LEAD_10;148;807.5067823864351;808.5067823864351;pickupShipment;6068627214;1000;0;39.88986666666667;8.443485999999998;4473.5038079999995;50.37729513513513;8880.0;807.5067823864351;1.0;D
vehicle_LEAD_10;128;808.5067823864351;809.5067823864351;pickupShipment;6068627214;1000;0;39.88986666666667;8.443485999999998;4473.5038079999995;50.37729513513513;8880.0;808.5067823864351;1.0;D
vehicle_LEAD_10;149;826.3344687310624;831.3344687310624;deliverShipment;6970402909;1000;0;39.88986666666667;9.284871999999998;3228.0842507999996;36.35230012162162;8880.0;826.3344687310624;5.0;1
vehicle_LEAD_10;91;832.5309063381873;837.5309063381873;deliverShipment;2636357186;1000;0;39.88986666666667;9.344693999999999;3139.5357263999995;35.35513205405405;8880.0;832.5309063381873;5.0;2
vehicle_LEAD_10;129;837.5309063381873;842.5309063381873;deliverShipment;2636357186;1000;0;39.88986666666667;9.344693999999999;3139.5357263999995;35.35513205405405;8880.0;837.5309063381873;5.0;3
vehicle_LEAD_10;199;849.6182521634956;1046.0;deliverShipment;6921021583;1000;0;39.88986666666667;9.699061999999998;2615.0002127999996;29.448200594594592;8880.0;849.6182521634956;196.38174783650436;4
vehicle_LEAD_10;64;1056.9626980746038;1057.9626980746038;pickupShipment;6068627214;1000;0;39.88986666666667;10.247197999999997;1803.6493055999997;20.31136605405405;8880.0;1056.9626980746038;1.0;D
vehicle_LEAD_10;76;1057.9626980746038;1058.9626980746038;pickupShipment;6068627214;1000;0;39.88986666666667;10.247197999999997;1803.6493055999997;20.31136605405405;8880.0;1057.9626980746038;1.0;D
vehicle_LEAD_10;4;1058.9626980746038;1059.9626980746038;pickupShipment;6068627214;1000;0;39.88986666666667;10.247197999999997;1803.6493055999997;20.31136605405405;8880.0;1058.9626980746038;1.0;D
vehicle_LEAD_10;264;1059.9626980746038;1060.9626980746038;pickupShipment;6068627214;1000;0;39.88986666666667;10.247197999999997;1803.6493055999997;20.31136605405405;8880.0;1059.9626980746038;1.0;D
vehicle_LEAD_10;65;1064.1700916598168;1069.1700916598168;deliverShipment;5947870997;1000;0;39.88986666666667;10.407567999999998;1566.2696315999997;17.638171527027026;8880.0;1064.1700916598168;5.0;1
vehicle_LEAD_10;77;1070.8152283695433;1075.8152283695433;deliverShipment;5947870995;1000;0;39.88986666666667;10.489824999999998;1444.5128201999996;16.26703626351351;8880.0;1070.8152283695433;5.0;2
vehicle_LEAD_10;265;1082.4530550938898;1087.4530550938898;deliverShipment;5947881177;1000;0;39.88986666666667;10.821716999999998;953.2462817999996;10.73475542567567;8880.0;1082.4530550938898;5.0;3
vehicle_LEAD_10;5;1087.4530550938898;1117.35;deliverShipment;5947881177;1000;0;39.88986666666667;10.821716999999998;953.2462817999996;10.73475542567567;8880.0;1087.4530550938898;29.896944906110093;4
vehicle_LEAD_10;-2;1128.8403570192859;0.0;end;6068627214;1000;0;39.88986666666667;11.396235999999998;102.84325799999954;1.158144797297292;8880.0;1128.8403570192859;-1128.8403570192859;end
vehicle_LEAD_12;-1;0.0;0.0;start;6068627214;1000;0;39.88986666666667;0.0;8880.0;100.0;8880.0;0.0;0.0;start
vehicle_LEAD_12;248;0.0;1.0;pickupShipment;6068627214;1000;0;39.88986666666667;0.0;8880.0;100.0;8880.0;0.0;1.0;D
vehicle_LEAD_12;234;1.0;2.0;pickupShipment;6068627214;1000;0;39.88986666666667;0.0;8880.0;100.0;8880.0;1.0;1.0;D
vehicle_LEAD_12;100;2.0;3.0;pickupShipment;6068627214;1000;0;39.88986666666667;0.0;8880.0;100.0;8880.0;2.0;1.0;D
vehicle_LEAD_12;152;3.0;4.0;pickupShipment;6068627214;1000;0;39.88986666666667;0.0;8880.0;100.0;8880.0;3.0;1.0;D
vehicle_LEAD_12;153;9.509128981742037;1177.2333333333333;deliverShipment;5947847666;1000;0;39.88986666666667;0.275457;8472.2685486;95.40842960135134;8880.0;9.509128981742037;1167.7242043515912;1
vehicle_LEAD_12;235;1177.2333333333333;1182.2333333333333;deliverShipment;5947847666;1000;0;39.88986666666667;0.275457;8472.2685486;95.40842960135134;8880.0;1177.2333333333333;5.0;2
vehicle_LEAD_12;60;1187.7424623150753;1188.7424623150753;pickupShipment;6068627214;1000;0;39.88986666666667;0.550914;8064.537097199999;90.81685920270269;8880.0;1187.7424623150753;1.0;D
vehicle_LEAD_12;240;1188.7424623150753;1189.7424623150753;pickupShipment;6068627214;1000;0;39.88986666666667;0.550914;8064.537097199999;90.81685920270269;8880.0;1188.7424623150753;1.0;D
vehicle_LEAD_12;101;1196.208409383181;1201.208409383181;deliverShipment;5947847663;1000;0;39.88986666666667;0.874212;7585.991397599999;85.42783105405404;8880.0;1196.208409383181;5.0;1
vehicle_LEAD_12;40;1207.674356451287;1208.674356451287;pickupShipment;6068627214;1000;0;39.88986666666667;1.1975099999999999;7107.445697999999;80.03880290540539;8880.0;1207.674356451287;1.0;D
vehicle_LEAD_12;41;1237.1118995762006;1242.1118995762006;deliverShipment;34819691;1000;0;39.88986666666667;2.61939;5002.778921999999;56.33760047297296;8880.0;1237.1118995762006;5.0;1
vehicle_LEAD_12;249;1282.6283785432427;1287.6283785432427;deliverShipment;33257061;1000;0;39.88986666666667;4.645218;2004.1483163999987;22.569237797297284;8880.0;1282.6283785432427;5.0;2
vehicle_LEAD_12;61;1287.6283785432427;1292.6283785432427;deliverShipment;33257061;1000;0;39.88986666666667;4.645218;2004.1483163999987;22.569237797297284;8880.0;1287.6283785432427;5.0;3
vehicle_LEAD_12;241;1304.5042747914501;1355.4833333333333;deliverShipment;35678579;1000;0;39.88986666666667;5.239014;1125.2114771999984;12.671300418918902;8880.0;1304.5042747914501;50.979058541883205;4
vehicle_LEAD_12;-2;1367.5814491371018;0.0;end;6068627214;1000;0;39.88986666666667;5.843921;229.82813579999845;2.588154682432415;8880.0;1367.5814491371018;-1367.5814491371018;end
