vehicle_id;activity_index;arrival_time;end_time;name;location_id;iterations;unassigned_jobs;runtime;distance;SoC;SoC %;Maximum Range;TimeStamp;Duration;Activity_counter
vehicle_LEAD_2;-1;0.0;0.0;start;6068627214;1000;0;68.74238333333334;0.0;8880.0;100.0;8880.0;0.0;0.0;start
vehicle_LEAD_2;254;0.0;1.0;pickupShipment;6068627214;1000;0;68.74238333333334;0.0;8880.0;100.0;8880.0;0.0;1.0;D
vehicle_LEAD_2;218;1.0;2.0;pickupShipment;6068627214;1000;0;68.74238333333334;0.0;8880.0;100.0;8880.0;1.0;1.0;D
vehicle_LEAD_2;164;2.0;3.0;pickupShipment;6068627214;1000;0;68.74238333333334;0.0;8880.0;100.0;8880.0;2.0;1.0;D
vehicle_LEAD_2;262;3.0;4.0;pickupShipment;6068627214;1000;0;68.74238333333334;0.0;8880.0;100.0;8880.0;3.0;1.0;D
vehicle_LEAD_2;219;15.99541600916798;425.0;deliverShipment;6921021581;1000;0;68.74238333333334;0.599772;7992.2174856;90.00244916216216;8880.0;15.99541600916798;409.00458399083203;1
vehicle_LEAD_2;165;432.0459659080682;437.0459659080682;deliverShipment;7363009585;1000;0;68.74238333333334;0.9520709999999999;7470.7445058;84.13000569594595;8880.0;432.0459659080682;5.0;2
vehicle_LEAD_2;263;438.0728038543923;1119.4166666666667;deliverShipment;2170533265;1000;0;68.74238333333334;1.0034129999999999;7394.7480774000005;83.27419006081081;8880.0;438.0728038543923;681.3438628122744;3
vehicle_LEAD_2;255;1124.1951571096859;1129.1951571096859;deliverShipment;5947847669;1000;0;68.74238333333334;1.242338;7041.0912924;79.29156860810811;8880.0;1124.1951571096859;5.0;4
vehicle_LEAD_2;132;1135.8562037875924;1136.8562037875924;pickupShipment;6068627214;1000;0;68.74238333333334;1.5753909999999998;6548.1062418;73.7399351554054;8880.0;1135.8562037875924;1.0;D
vehicle_LEAD_2;260;1136.8562037875924;1137.8562037875924;pickupShipment;6068627214;1000;0;68.74238333333334;1.5753909999999998;6548.1062418;73.7399351554054;8880.0;1136.8562037875924;1.0;D
vehicle_LEAD_2;226;1137.8562037875924;1138.8562037875924;pickupShipment;6068627214;1000;0;68.74238333333334;1.5753909999999998;6548.1062418;73.7399351554054;8880.0;1137.8562037875924;1.0;D
vehicle_LEAD_2;354;1138.8562037875924;1139.8562037875924;pickupShipment;6068627214;1000;0;68.74238333333334;1.5753909999999998;6548.1062418;73.7399351554054;8880.0;1138.8562037875924;1.0;D
vehicle_LEAD_2;133;1146.3221508556983;1151.3221508556983;deliverShipment;5947847663;1000;0;68.74238333333334;1.8986889999999996;6069.5605422;68.35090700675676;8880.0;1146.3221508556983;5.0;1
vehicle_LEAD_2;261;1151.517250465499;1156.517250465499;deliverShipment;5947847669;1000;0;68.74238333333334;1.9084439999999996;6055.1211912;68.1883017027027;8880.0;1151.517250465499;5.0;2
vehicle_LEAD_2;227;1156.517250465499;1170.4;deliverShipment;5947847669;1000;0;68.74238333333334;1.9084439999999996;6055.1211912;68.1883017027027;8880.0;1156.517250465499;13.882749534501045;3
vehicle_LEAD_2;355;1170.4;1175.4;deliverShipment;5947847669;1000;0;68.74238333333334;1.9084439999999996;6055.1211912;68.1883017027027;8880.0;1170.4;5.0;4
vehicle_LEAD_2;34;1182.0610466779067;1183.0610466779067;pickupShipment;6068627214;1000;0;68.74238333333334;2.2414969999999994;5562.1361406;62.63666824999999;8880.0;1182.0610466779067;1.0;D
vehicle_LEAD_2;224;1183.0610466779067;1184.0610466779067;pickupShipment;6068627214;1000;0;68.74238333333334;2.2414969999999994;5562.1361406;62.63666824999999;8880.0;1183.0610466779067;1.0;D
vehicle_LEAD_2;72;1184.0610466779067;1185.0610466779067;pickupShipment;6068627214;1000;0;68.74238333333334;2.2414969999999994;5562.1361406;62.63666824999999;8880.0;1184.0610466779067;1.0;D
vehicle_LEAD_2;342;1185.0610466779067;1186.0610466779067;pickupShipment;6068627214;1000;0;68.74238333333334;2.2414969999999994;5562.1361406;62.63666824999999;8880.0;1185.0610466779067;1.0;D
vehicle_LEAD_2;225;1195.4978478043045;1200.4978478043045;deliverShipment;5947881168;1000;0;68.74238333333334;2.7133379999999994;4863.7170924;54.77158887837839;8880.0;1195.4978478043045;5.0;1
vehicle_LEAD_2;73;1203.0564626870746;1208.0564626870746;deliverShipment;6921021581;1000;0;68.74238333333334;2.841268999999999;4674.3536262;52.639117412162165;8880.0;1203.0564626870746;5.0;2
vehicle_LEAD_2;343;1209.2847802304395;1214.2847802304395;deliverShipment;6921021577;1000;0;68.74238333333334;2.902684999999999;4583.4456629999995;51.61537908783783;8880.0;1209.2847802304395;5.0;3
vehicle_LEAD_2;266;1227.0548746902507;1228.0548746902507;pickupShipment;6068627214;1000;0;68.74238333333334;3.541190999999999;3638.3290817999996;40.97217434459459;8880.0;1227.0548746902507;1.0;D
vehicle_LEAD_2;358;1228.0548746902507;1229.0548746902507;pickupShipment;6068627214;1000;0;68.74238333333334;3.541190999999999;3638.3290817999996;40.97217434459459;8880.0;1228.0548746902507;1.0;D
vehicle_LEAD_2;404;1229.0548746902507;1230.0548746902507;pickupShipment;6068627214;1000;0;68.74238333333334;3.541190999999999;3638.3290817999996;40.97217434459459;8880.0;1229.0548746902507;1.0;D
vehicle_LEAD_2;267;1241.9453909092183;1246.9453909092183;deliverShipment;2170533263;1000;0;68.74238333333334;4.135717999999999;2758.3102163999997;31.062051986486484;8880.0;1241.9453909092183;5.0;1
vehicle_LEAD_2;359;1246.9453909092183;1251.9453909092183;deliverShipment;2170533263;1000;0;68.74238333333334;4.135717999999999;2758.3102163999997;31.062051986486484;8880.0;1246.9453909092183;5.0;2
vehicle_LEAD_2;405;1258.6362175275651;1263.6362175275651;deliverShipment;6297154747;1000;0;68.74238333333334;4.470259999999999;2263.1211479999997;25.48559851351351;8880.0;1258.6362175275651;5.0;3
vehicle_LEAD_2;246;1276.857031085938;1277.857031085938;pickupShipment;6068627214;1000;0;68.74238333333334;5.131301999999999;1284.6467795999997;14.466743013513511;8880.0;1276.857031085938;1.0;D
vehicle_LEAD_2;300;1277.857031085938;1278.857031085938;pickupShipment;6068627214;1000;0;68.74238333333334;5.131301999999999;1284.6467795999997;14.466743013513511;8880.0;1277.857031085938;1.0;D
vehicle_LEAD_2;208;1278.857031085938;1279.857031085938;pickupShipment;6068627214;1000;0;68.74238333333334;5.131301999999999;1284.6467795999997;14.466743013513511;8880.0;1278.857031085938;1.0;D
vehicle_LEAD_2;247;1291.8524470951058;1296.8524470951058;deliverShipment;6921021581;1000;0;68.74238333333334;5.731073999999999;396.86426519999975;4.469192175675673;8880.0;1291.8524470951058;5.0;1
vehicle_LEAD_2;301;1297.9110849778301;1302.9110849778301;deliverShipment;6921021583;1000;0;68.74238333333334;5.784005999999999;318.5143187999997;3.5868729594594564;8880.0;1297.9110849778301;5.0;2
vehicle_LEAD_2;209;1308.0241347517306;1313.0241347517306;deliverShipment;25312133;1000;0;68.74238333333334;6.039658999999999;-59.903251800000305;-0.6745861689189223;8880.0;1308.0241347517306;5.0;3
vehicle_LEAD_2;35;1313.0241347517306;1318.0241347517306;deliverShipment;25312133;1000;0;68.74238333333334;6.039658999999999;-59.903251800000305;-0.6745861689189223;8880.0;1313.0241347517306;5.0;4
vehicle_LEAD_2;158;1323.9227029545941;1324.9227029545941;pickupShipment;6068627214;1000;0;68.74238333333334;6.334587999999998;-496.4571576000003;-5.59073375675676;8880.0;1323.9227029545941;1.0;D
vehicle_LEAD_2;94;1324.9227029545941;1325.9227029545941;pickupShipment;6068627214;1000;0;68.74238333333334;6.334587999999998;-496.4571576000003;-5.59073375675676;8880.0;1324.9227029545941;1.0;D
vehicle_LEAD_2;90;1325.9227029545941;1326.9227029545941;pickupShipment;6068627214;1000;0;68.74238333333334;6.334587999999998;-496.4571576000003;-5.59073375675676;8880.0;1325.9227029545941;1.0;D
vehicle_LEAD_2;2;1326.9227029545941;1327.9227029545941;pickupShipment;6068627214;1000;0;68.74238333333334;6.334587999999998;-496.4571576000003;-5.59073375675676;8880.0;1326.9227029545941;1.0;D
vehicle_LEAD_2;95;1346.658145483709;1351.658145483709;deliverShipment;2636357179;1000;0;68.74238333333334;7.271361999999998;-1883.0700324000004;-21.20574360810811;8880.0;1346.658145483709;5.0;1
vehicle_LEAD_2;159;1357.3752940494119;1362.3752940494119;deliverShipment;6970402896;1000;0;68.74238333333334;7.557219999999998;-2306.1970440000005;-25.970687432432438;8880.0;1357.3752940494119;5.0;2
vehicle_LEAD_2;91;1363.7538912922173;1368.7538912922173;deliverShipment;5109779163;1000;0;68.74238333333334;7.626149999999998;-2408.2272300000004;-27.119676013513516;8880.0;1363.7538912922173;5.0;3
vehicle_LEAD_2;3;1368.7538912922173;1373.7538912922173;deliverShipment;5109779163;1000;0;68.74238333333334;7.626149999999998;-2408.2272300000004;-27.119676013513516;8880.0;1368.7538912922173;5.0;4
vehicle_LEAD_2;-2;1393.8047111905776;0.0;end;6068627214;1000;0;68.74238333333334;8.628692999999998;-3892.1913786000005;-43.83098399324325;8880.0;1393.8047111905776;-1393.8047111905776;end
vehicle_LEAD_3;-1;0.0;0.0;start;6068627214;1000;0;68.74238333333334;0.0;8880.0;100.0;8880.0;0.0;0.0;start
vehicle_LEAD_3;234;0.0;1.0;pickupShipment;6068627214;1000;0;68.74238333333334;0.0;8880.0;100.0;8880.0;0.0;1.0;D
vehicle_LEAD_3;190;1.0;2.0;pickupShipment;6068627214;1000;0;68.74238333333334;0.0;8880.0;100.0;8880.0;1.0;1.0;D
vehicle_LEAD_3;191;2.0;425.0;deliverShipment;6068627214;1000;0;68.74238333333334;0.0;8880.0;100.0;8880.0;2.0;423.0;1
vehicle_LEAD_3;12;425.0;426.0;pickupShipment;6068627214;1000;0;68.74238333333334;0.0;8880.0;100.0;8880.0;425.0;1.0;D
vehicle_LEAD_3;13;427.51925696148606;432.51925696148606;deliverShipment;917183790;1000;0;68.74238333333334;0.07596299999999999;8767.5595674;98.73377891216217;8880.0;427.51925696148606;5.0;1
vehicle_LEAD_3;84;434.03851392297213;435.03851392297213;pickupShipment;6068627214;1000;0;68.74238333333334;0.15192599999999998;8655.1191348;97.46755782432432;8880.0;434.03851392297213;1.0;D
vehicle_LEAD_3;166;435.03851392297213;436.03851392297213;pickupShipment;6068627214;1000;0;68.74238333333334;0.15192599999999998;8655.1191348;97.46755782432432;8880.0;435.03851392297213;1.0;D
vehicle_LEAD_3;406;436.03851392297213;437.03851392297213;pickupShipment;6068627214;1000;0;68.74238333333334;0.15192599999999998;8655.1191348;97.46755782432432;8880.0;436.03851392297213;1.0;D
vehicle_LEAD_3;167;454.3329593340813;459.3329593340813;deliverShipment;7545572012;1000;0;68.74238333333334;1.0166499999999998;7375.15467;83.05354358108107;8880.0;454.3329593340813;5.0;1
vehicle_LEAD_3;85;461.0846558306883;466.0846558306883;deliverShipment;7545572016;1000;0;68.74238333333334;1.1042349999999999;7245.511353;81.59359631756756;8880.0;461.0846558306883;5.0;2
vehicle_LEAD_3;407;466.0846558306883;471.0846558306883;deliverShipment;7545572016;1000;0;68.74238333333334;1.1042349999999999;7245.511353;81.59359631756756;8880.0;466.0846558306883;5.0;3
vehicle_LEAD_3;235;489.7934184131631;501.26666666666665;deliverShipment;830280561;1000;0;68.74238333333334;2.039675;5860.873065;66.00082280405405;8880.0;489.7934184131631;11.473248253503527;4
vehicle_LEAD_3;42;532.2030247939504;533.2030247939504;pickupShipment;6068627214;1000;0;68.74238333333334;3.5864960000000004;3571.2686207999996;40.21698897297297;8880.0;532.2030247939504;1.0;D
vehicle_LEAD_3;346;533.2030247939504;534.2030247939504;pickupShipment;6068627214;1000;0;68.74238333333334;3.5864960000000004;3571.2686207999996;40.21698897297297;8880.0;533.2030247939504;1.0;D
vehicle_LEAD_3;364;534.2030247939504;535.2030247939504;pickupShipment;6068627214;1000;0;68.74238333333334;3.5864960000000004;3571.2686207999996;40.21698897297297;8880.0;534.2030247939504;1.0;D
vehicle_LEAD_3;66;535.2030247939504;536.2030247939504;pickupShipment;6068627214;1000;0;68.74238333333334;3.5864960000000004;3571.2686207999996;40.21698897297297;8880.0;535.2030247939504;1.0;D
vehicle_LEAD_3;43;554.5201881596237;559.5201881596237;deliverShipment;6297154746;1000;0;68.74238333333334;4.502356000000001;2215.612648799999;24.950592891891883;8880.0;554.5201881596237;5.0;1
vehicle_LEAD_3;67;564.4414783170433;885.4;deliverShipment;25312126;1000;0;68.74238333333334;4.7484210000000004;1851.387235799999;20.848955358108096;8880.0;564.4414783170433;320.95852168295664;2
vehicle_LEAD_3;365;885.4;890.4;deliverShipment;25312126;1000;0;68.74238333333334;4.7484210000000004;1851.387235799999;20.848955358108096;8880.0;885.4;5.0;3
vehicle_LEAD_3;347;896.8744870510259;1062.9333333333334;deliverShipment;3246605497;1000;0;68.74238333333334;5.072146;1372.209490799999;15.45280958108107;8880.0;896.8744870510259;166.0588462823075;4
vehicle_LEAD_3;-2;1080.9700372599254;0.0;end;6068627214;1000;0;68.74238333333334;5.9739830000000005;37.31036339999878;0.42016174999998623;8880.0;1080.9700372599254;-1080.9700372599254;end
vehicle_LEAD_4;-1;0.0;0.0;start;6068627214;1000;0;68.74238333333334;0.0;8880.0;100.0;8880.0;0.0;0.0;start
vehicle_LEAD_4;368;0.0;1.0;pickupShipment;6068627214;1000;0;68.74238333333334;0.0;8880.0;100.0;8880.0;0.0;1.0;D
vehicle_LEAD_4;10;1.0;2.0;pickupShipment;6068627214;1000;0;68.74238333333334;0.0;8880.0;100.0;8880.0;1.0;1.0;D
vehicle_LEAD_4;110;2.0;3.0;pickupShipment;6068627214;1000;0;68.74238333333334;0.0;8880.0;100.0;8880.0;2.0;1.0;D
vehicle_LEAD_4;264;3.0;4.0;pickupShipment;6068627214;1000;0;68.74238333333334;0.0;8880.0;100.0;8880.0;3.0;1.0;D
vehicle_LEAD_4;222;4.0;5.0;pickupShipment;6068627214;1000;0;68.74238333333334;0.0;8880.0;100.0;8880.0;4.0;1.0;D
vehicle_LEAD_4;369;23.281763436473128;425.0;deliverShipment;6872884066;1000;0;68.74238333333334;0.91409;7526.963982;84.7631079054054;8880.0;23.281763436473128;401.7182365635269;1
vehicle_LEAD_4;265;429.39083121833755;434.39083121833755;deliverShipment;2336249518;1000;0;68.74238333333334;1.133632;7201.9979136;81.1035801081081;8880.0;429.39083121833755;5.0;2
vehicle_LEAD_4;223;445.78200843598313;450.78200843598313;deliverShipment;27503208;1000;0;68.74238333333334;1.703192;6358.9352016;71.60963064864865;8880.0;445.78200843598313;5.0;3
vehicle_LEAD_4;102;465.98817802364397;466.98817802364397;pickupShipment;6068627214;1000;0;68.74238333333334;2.463502;5233.5243396000005;58.93608490540541;8880.0;465.98817802364397;1.0;D
vehicle_LEAD_4;248;466.98817802364397;467.98817802364397;pickupShipment;6068627214;1000;0;68.74238333333334;2.463502;5233.5243396000005;58.93608490540541;8880.0;466.98817802364397;1.0;D
vehicle_LEAD_4;11;476.89184021631957;481.89184021631957;deliverShipment;25312123;1000;0;68.74238333333334;2.908686;4574.5629828;51.51534890540541;8880.0;476.89184021631957;5.0;1
vehicle_LEAD_4;103;494.73867452265097;499.73867452265097;deliverShipment;33257061;1000;0;68.74238333333334;3.551029;3623.7668741999996;40.80818552027027;8880.0;494.73867452265097;5.0;2
vehicle_LEAD_4;249;499.73867452265097;504.73867452265097;deliverShipment;33257061;1000;0;68.74238333333334;3.551029;3623.7668741999996;40.80818552027027;8880.0;499.73867452265097;5.0;3
vehicle_LEAD_4;111;508.8382663234674;1147.3166666666666;deliverShipment;33257059;1000;0;68.74238333333334;3.756009;3320.3554781999997;37.39139052027027;8880.0;508.8382663234674;638.4784003431992;4
vehicle_LEAD_4;148;1162.144137011726;1163.144137011726;pickupShipment;6068627214;1000;0;68.74238333333334;4.497384;2222.9722031999995;25.033470756756753;8880.0;1162.144137011726;1.0;D
vehicle_LEAD_4;1;1163.144137011726;1174.4111020558212;recharge;6068627214;1000;0;68.74238333333334;4.497384;2222.9722031999995;25.033470756756753;8880.0;1163.144137011726;11.266965044095286;r1
vehicle_LEAD_4;1;1163.144137011726;1174.4111020558212;recharge;6068627214;1000;0;68.74238333333334;4.497384;8880.0;100.0;8880.0;1163.144137011726;11.266965044095286;r2
vehicle_LEAD_4;48;1174.4111020558212;1175.4111020558212;pickupShipment;6068627214;1000;0;68.74238333333334;4.497384;8880.0;100.0;8880.0;1174.4111020558212;1.0;D
vehicle_LEAD_4;282;1175.4111020558212;1176.4111020558212;pickupShipment;6068627214;1000;0;68.74238333333334;4.497384;8880.0;100.0;8880.0;1175.4111020558212;1.0;D
vehicle_LEAD_4;274;1176.4111020558212;1177.4111020558212;pickupShipment;6068627214;1000;0;68.74238333333334;4.497384;8880.0;100.0;8880.0;1176.4111020558212;1.0;D
vehicle_LEAD_4;49;1184.7080474619304;1189.7080474619304;deliverShipment;4574272245;1000;0;68.74238333333334;4.8622320000000006;8339.9519904;93.91837827027028;8880.0;1184.7080474619304;5.0;1
vehicle_LEAD_4;283;1202.4619219541814;1207.4619219541814;deliverShipment;5109779163;1000;0;68.74238333333334;5.4999270000000005;7396.035851400001;83.28869202027029;8880.0;1202.4619219541814;5.0;2
vehicle_LEAD_4;275;1207.4619219541814;1212.4619219541814;deliverShipment;5109779163;1000;0;68.74238333333334;5.4999270000000005;7396.035851400001;83.28869202027029;8880.0;1207.4619219541814;5.0;3
vehicle_LEAD_4;149;1227.639871598282;1232.639871598282;deliverShipment;5947870995;1000;0;68.74238333333334;6.258826000000001;6272.713551600001;70.63866612162163;8880.0;1227.639871598282;5.0;4
vehicle_LEAD_4;332;1237.4924018932215;1238.4924018932215;pickupShipment;6068627214;1000;0;68.74238333333334;6.501453000000001;5913.5770662;66.59433633108108;8880.0;1237.4924018932215;1.0;D
vehicle_LEAD_4;320;1238.4924018932215;1239.4924018932215;pickupShipment;6068627214;1000;0;68.74238333333334;6.501453000000001;5913.5770662;66.59433633108108;8880.0;1238.4924018932215;1.0;D
vehicle_LEAD_4;374;1239.4924018932215;1240.4924018932215;pickupShipment;6068627214;1000;0;68.74238333333334;6.501453000000001;5913.5770662;66.59433633108108;8880.0;1239.4924018932215;1.0;D
vehicle_LEAD_4;134;1240.4924018932215;1241.4924018932215;pickupShipment;6068627214;1000;0;68.74238333333334;6.501453000000001;5913.5770662;66.59433633108108;8880.0;1240.4924018932215;1.0;D
vehicle_LEAD_4;333;1254.7132154515944;1259.7132154515944;deliverShipment;6297154747;1000;0;68.74238333333334;7.162495000000001;4935.102697800001;55.575480831081094;8880.0;1254.7132154515944;5.0;1
vehicle_LEAD_4;321;1262.0671907436438;1267.0671907436438;deliverShipment;27503208;1000;0;68.74238333333334;7.280194000000001;4760.884638000001;53.613565743243264;8880.0;1262.0671907436438;5.0;2
vehicle_LEAD_4;135;1268.0152688474875;1273.0152688474875;deliverShipment;34815653;1000;0;68.74238333333334;7.327598000000001;4690.717237200001;52.823392310810824;8880.0;1268.0152688474875;5.0;3
vehicle_LEAD_4;396;1287.2733603313045;1288.2733603313045;pickupShipment;6068627214;1000;0;68.74238333333334;8.040504;3635.473776000001;40.94002000000002;8880.0;1287.2733603313045;1.0;D
vehicle_LEAD_4;64;1288.2733603313045;1289.2733603313045;pickupShipment;6068627214;1000;0;68.74238333333334;8.040504;3635.473776000001;40.94002000000002;8880.0;1288.2733603313045;1.0;D
vehicle_LEAD_4;130;1289.2733603313045;1290.2733603313045;pickupShipment;6068627214;1000;0;68.74238333333334;8.040504;3635.473776000001;40.94002000000002;8880.0;1289.2733603313045;1.0;D
vehicle_LEAD_4;65;1307.1827065126122;1312.1827065126122;deliverShipment;34815654;1000;0;68.74238333333334;8.885973;2384.010562200001;26.84696579054055;8880.0;1307.1827065126122;5.0;1
vehicle_LEAD_4;131;1312.1827065126122;1317.1827065126122;deliverShipment;34815654;1000;0;68.74238333333334;8.885973;2384.010562200001;26.84696579054055;8880.0;1312.1827065126122;5.0;2
vehicle_LEAD_4;375;1317.1827065126122;1322.1827065126122;deliverShipment;34815654;1000;0;68.74238333333334;8.885973;2384.010562200001;26.84696579054055;8880.0;1317.1827065126122;5.0;3
vehicle_LEAD_4;397;1327.3629161521928;1332.3629161521928;deliverShipment;5947847671;1000;0;68.74238333333334;9.144984;2000.622480000001;22.529532432432443;8880.0;1327.3629161521928;5.0;4
vehicle_LEAD_4;-2;1339.0106028568193;0.0;end;6068627214;1000;0;68.74238333333334;9.477369;1508.626203000001;16.989033817567577;8880.0;1339.0106028568193;-1339.0106028568193;end
vehicle_LEAD_5;-1;0.0;0.0;start;6068627214;1000;0;68.74238333333334;0.0;8880.0;100.0;8880.0;0.0;0.0;start
vehicle_LEAD_5;120;0.0;1.0;pickupShipment;6068627214;1000;0;68.74238333333334;0.0;8880.0;100.0;8880.0;0.0;1.0;D
vehicle_LEAD_5;22;1.0;2.0;pickupShipment;6068627214;1000;0;68.74238333333334;0.0;8880.0;100.0;8880.0;1.0;1.0;D
vehicle_LEAD_5;276;2.0;3.0;pickupShipment;6068627214;1000;0;68.74238333333334;0.0;8880.0;100.0;8880.0;2.0;1.0;D
vehicle_LEAD_5;152;3.0;4.0;pickupShipment;6068627214;1000;0;68.74238333333334;0.0;8880.0;100.0;8880.0;3.0;1.0;D
vehicle_LEAD_5;153;19.73580852838294;425.0;deliverShipment;6175361290;1000;0;68.74238333333334;0.7867919999999998;7715.3904816;86.88502794594595;8880.0;19.73580852838294;405.26419147161704;1
vehicle_LEAD_5;23;426.47717704564593;431.47717704564593;deliverShipment;5273331647;1000;0;68.74238333333334;0.8606509999999998;7606.064389800001;85.65387826351352;8880.0;426.47717704564593;5.0;2
vehicle_LEAD_5;302;445.73580852838296;446.73580852838296;pickupShipment;6068627214;1000;0;68.74238333333334;1.5735839999999999;6550.780963200001;73.7700558918919;8880.0;445.73580852838296;1.0;D
vehicle_LEAD_5;303;449.2765834468331;454.2765834468331;deliverShipment;4574272238;1000;0;68.74238333333334;1.7006229999999998;6362.737835400001;71.65245310135137;8880.0;449.2765834468331;5.0;1
vehicle_LEAD_5;390;456.81735836528327;457.81735836528327;pickupShipment;6068627214;1000;0;68.74238333333334;1.8276619999999997;6174.6947076000015;69.53485031081082;8880.0;456.81735836528327;1.0;D
vehicle_LEAD_5;296;457.81735836528327;458.81735836528327;pickupShipment;6068627214;1000;0;68.74238333333334;1.8276619999999997;6174.6947076000015;69.53485031081082;8880.0;457.81735836528327;1.0;D
vehicle_LEAD_5;391;469.8798562402875;474.8798562402875;deliverShipment;7363009585;1000;0;68.74238333333334;2.380788;5355.957602400002;60.31483786486488;8880.0;469.8798562402875;5.0;1
vehicle_LEAD_5;297;474.8798562402875;479.8798562402875;deliverShipment;7363009585;1000;0;68.74238333333334;2.380788;5355.957602400002;60.31483786486488;8880.0;474.8798562402875;5.0;2
vehicle_LEAD_5;188;490.9423541152917;491.9423541152917;pickupShipment;6068627214;1000;0;68.74238333333334;2.9339139999999997;4537.220497200002;51.094825418918944;8880.0;490.9423541152917;1.0;D
vehicle_LEAD_5;214;491.9423541152917;492.9423541152917;pickupShipment;6068627214;1000;0;68.74238333333334;2.9339139999999997;4537.220497200002;51.094825418918944;8880.0;491.9423541152917;1.0;D
vehicle_LEAD_5;121;496.1497477005046;501.1497477005046;deliverShipment;5947870997;1000;0;68.74238333333334;3.0942839999999996;4299.840823200002;48.421630891891915;8880.0;496.1497477005046;5.0;1
vehicle_LEAD_5;189;501.52608694782606;506.52608694782606;deliverShipment;4574272237;1000;0;68.74238333333334;3.1131009999999995;4271.987899800002;48.10797184459462;8880.0;501.52608694782606;5.0;2
vehicle_LEAD_5;168;514.9714900570199;515.9714900570199;pickupShipment;6068627214;1000;0;68.74238333333334;3.5353719999999993;3646.942365600002;41.06917078378381;8880.0;514.9714900570199;1.0;D
vehicle_LEAD_5;308;515.9714900570199;516.9714900570199;pickupShipment;6068627214;1000;0;68.74238333333334;3.5353719999999993;3646.942365600002;41.06917078378381;8880.0;515.9714900570199;1.0;D
vehicle_LEAD_5;169;534.5935148129704;539.5935148129704;deliverShipment;2244092199;1000;0;68.74238333333334;4.416474999999999;2342.7337050000024;26.382136317567596;8880.0;534.5935148129704;5.0;1
vehicle_LEAD_5;277;544.4293651412697;549.4293651412697;deliverShipment;6970402909;1000;0;68.74238333333334;4.658268;1984.8317064000023;22.351708405405432;8880.0;544.4293651412697;5.0;2
vehicle_LEAD_5;309;549.4293651412697;554.4293651412697;deliverShipment;6970402909;1000;0;68.74238333333334;4.658268;1984.8317064000023;22.351708405405432;8880.0;549.4293651412697;5.0;3
vehicle_LEAD_5;1;571.257051485897;575.0047055619234;recharge;6068627214;1000;0;68.74238333333334;4.658268;739.4121492000022;8.326713391891918;8880.0;571.257051485897;3.747654076026379;r1
vehicle_LEAD_5;1;571.257051485897;575.0047055619234;recharge;6068627214;1000;0;68.74238333333334;4.658268;8880.0;100.0;8880.0;571.257051485897;3.747654076026379;r2
vehicle_LEAD_5;142;575.0047055619234;576.0047055619234;pickupShipment;6068627214;1000;0;68.74238333333334;4.658268;8880.0;100.0;8880.0;575.0047055619234;1.0;D
vehicle_LEAD_5;30;576.0047055619234;577.0047055619234;pickupShipment;6068627214;1000;0;68.74238333333334;4.658268;8880.0;100.0;8880.0;576.0047055619234;1.0;D
vehicle_LEAD_5;28;577.0047055619234;578.0047055619234;pickupShipment;6068627214;1000;0;68.74238333333334;4.658268;8880.0;100.0;8880.0;577.0047055619234;1.0;D
vehicle_LEAD_5;29;589.65126226881;594.65126226881;deliverShipment;5947847654;1000;0;68.74238333333334;5.240596999999999;8018.0366142;90.29320511486488;8880.0;589.65126226881;5.0;1
vehicle_LEAD_5;31;609.4276727159892;614.4276727159892;deliverShipment;4732532623;1000;0;68.74238333333334;5.979418999999999;6924.4322898;77.97784110135136;8880.0;609.4276727159892;5.0;2
vehicle_LEAD_5;143;626.896307778719;631.896307778719;deliverShipment;5947847660;1000;0;68.74238333333334;6.6028519999999995;6001.6267632;67.58588697297297;8880.0;626.896307778719;5.0;3
vehicle_LEAD_5;414;641.2350891011564;642.2350891011564;pickupShipment;6068627214;1000;0;68.74238333333334;7.069792;5310.4621752;59.802501972972976;8880.0;641.2350891011564;1.0;D
vehicle_LEAD_5;360;642.2350891011564;643.2350891011564;pickupShipment;6068627214;1000;0;68.74238333333334;7.069792;5310.4621752;59.802501972972976;8880.0;642.2350891011564;1.0;D
vehicle_LEAD_5;112;643.2350891011564;644.2350891011564;pickupShipment;6068627214;1000;0;68.74238333333334;7.069792;5310.4621752;59.802501972972976;8880.0;643.2350891011564;1.0;D
vehicle_LEAD_5;415;649.9649176414994;738.1333333333333;deliverShipment;5947847665;1000;0;68.74238333333334;7.356284;4886.3967168;55.026990054054046;8880.0;649.9649176414994;88.16841569183396;1
vehicle_LEAD_5;361;738.4523526952946;743.4523526952946;deliverShipment;5947847667;1000;0;68.74238333333334;7.372235;4862.7860466;54.76110412837838;8880.0;738.4523526952946;5.0;2
vehicle_LEAD_5;334;747.6137843724313;748.6137843724313;pickupShipment;6068627214;1000;0;68.74238333333334;7.5803069999999995;4554.7978722;51.292768831081084;8880.0;747.6137843724313;1.0;D
vehicle_LEAD_5;82;748.6137843724313;749.6137843724313;pickupShipment;6068627214;1000;0;68.74238333333334;7.5803069999999995;4554.7978722;51.292768831081084;8880.0;748.6137843724313;1.0;D
vehicle_LEAD_5;215;757.5884084231832;1132.2166666666667;deliverShipment;6297154743;1000;0;68.74238333333334;7.979038999999999;3964.5947657999995;44.6463374527027;8880.0;757.5884084231832;374.6282582434835;1
vehicle_LEAD_5;83;1136.6717377565244;1141.6717377565244;deliverShipment;6921021581;1000;0;68.74238333333334;8.201792999999999;3634.8742949999996;40.93326908783783;8880.0;1136.6717377565244;5.0;2
vehicle_LEAD_5;113;1146.4594481811037;1151.4594481811037;deliverShipment;3246517575;1000;0;68.74238333333334;8.441178999999998;3280.5351377999996;36.942963263513505;8880.0;1146.4594481811037;5.0;3
vehicle_LEAD_5;335;1152.8576053847892;1278.8;deliverShipment;6970402911;1000;0;68.74238333333334;8.511086999999998;3177.0573161999996;35.77767247972973;8880.0;1152.8576053847892;125.94239461521079;4
vehicle_LEAD_5;284;1290.9892556214886;1291.9892556214886;pickupShipment;6068627214;1000;0;68.74238333333334;9.120550999999997;2274.9287034;25.618566479729726;8880.0;1290.9892556214886;1.0;D
vehicle_LEAD_5;176;1291.9892556214886;1292.9892556214886;pickupShipment;6068627214;1000;0;68.74238333333334;9.120550999999997;2274.9287034;25.618566479729726;8880.0;1291.9892556214886;1.0;D
vehicle_LEAD_5;398;1292.9892556214886;1293.9892556214886;pickupShipment;6068627214;1000;0;68.74238333333334;9.120550999999997;2274.9287034;25.618566479729726;8880.0;1292.9892556214886;1.0;D
vehicle_LEAD_5;70;1293.9892556214886;1294.9892556214886;pickupShipment;6068627214;1000;0;68.74238333333334;9.120550999999997;2274.9287034;25.618566479729726;8880.0;1293.9892556214886;1.0;D
vehicle_LEAD_5;285;1305.7803540392918;1310.7803540392918;deliverShipment;3246517575;1000;0;68.74238333333334;9.660106999999996;1476.2779122;16.624751263513513;8880.0;1305.7803540392918;5.0;1
vehicle_LEAD_5;177;1310.7803540392918;1315.7803540392918;deliverShipment;3246517575;1000;0;68.74238333333334;9.660106999999996;1476.2779122;16.624751263513513;8880.0;1310.7803540392918;5.0;2
vehicle_LEAD_5;399;1315.7803540392918;1320.7803540392918;deliverShipment;3246517575;1000;0;68.74238333333334;9.660106999999996;1476.2779122;16.624751263513513;8880.0;1315.7803540392918;5.0;3
vehicle_LEAD_5;71;1320.7803540392918;1325.7803540392918;deliverShipment;3246517575;1000;0;68.74238333333334;9.660106999999996;1476.2779122;16.624751263513513;8880.0;1320.7803540392918;5.0;4
vehicle_LEAD_5;-2;1336.571452457095;0.0;end;6068627214;1000;0;68.74238333333334;10.199662999999996;677.627121;7.630936047297297;8880.0;1336.571452457095;-1336.571452457095;end
vehicle_LEAD_6;-1;0.0;0.0;start;6068627214;1000;0;68.74238333333334;0.0;8880.0;100.0;8880.0;0.0;0.0;start
vehicle_LEAD_6;336;0.0;1.0;pickupShipment;6068627214;1000;0;68.74238333333334;0.0;8880.0;100.0;8880.0;0.0;1.0;D
vehicle_LEAD_6;200;1.0;2.0;pickupShipment;6068627214;1000;0;68.74238333333334;0.0;8880.0;100.0;8880.0;1.0;1.0;D
vehicle_LEAD_6;394;2.0;3.0;pickupShipment;6068627214;1000;0;68.74238333333334;0.0;8880.0;100.0;8880.0;2.0;1.0;D
vehicle_LEAD_6;172;3.0;4.0;pickupShipment;6068627214;1000;0;68.74238333333334;0.0;8880.0;100.0;8880.0;3.0;1.0;D
vehicle_LEAD_6;337;9.898568202863594;425.0;deliverShipment;25312133;1000;0;68.74238333333334;0.294929;8443.4460942;95.08385241216217;8880.0;9.898568202863594;415.1014317971364;1
vehicle_LEAD_6;173;426.7737164525671;431.7737164525671;deliverShipment;7363009590;1000;0;68.74238333333334;0.383615;8312.173077000001;93.60555266891893;8880.0;426.7737164525671;5.0;2
vehicle_LEAD_6;395;434.9174701650597;791.0833333333334;deliverShipment;7363009588;1000;0;68.74238333333334;0.5408029999999999;8079.503399400001;90.98539864189192;8880.0;434.9174701650597;356.1658631682737;3
vehicle_LEAD_6;201;794.2270870458259;1013.25;deliverShipment;7363009590;1000;0;68.74238333333334;0.6979909999999999;7846.8337218000015;88.36524461486488;8880.0;794.2270870458259;219.0229129541741;4
vehicle_LEAD_6;136;1020.9222846554306;1021.9222846554306;pickupShipment;6068627214;1000;0;68.74238333333334;1.0816059999999998;7279.006798800002;81.97079728378381;8880.0;1020.9222846554306;1.0;D
vehicle_LEAD_6;258;1021.9222846554306;1022.9222846554306;pickupShipment;6068627214;1000;0;68.74238333333334;1.0816059999999998;7279.006798800002;81.97079728378381;8880.0;1021.9222846554306;1.0;D
vehicle_LEAD_6;388;1022.9222846554306;1023.9222846554306;pickupShipment;6068627214;1000;0;68.74238333333334;1.0816059999999998;7279.006798800002;81.97079728378381;8880.0;1022.9222846554306;1.0;D
vehicle_LEAD_6;204;1023.9222846554306;1024.9222846554308;pickupShipment;6068627214;1000;0;68.74238333333334;1.0816059999999998;7279.006798800002;81.97079728378381;8880.0;1023.9222846554306;1.0000000000001137;D
vehicle_LEAD_6;389;1041.2733119533762;1046.2733119533762;deliverShipment;5947847646;1000;0;68.74238333333334;1.899159;6068.864848200002;68.34307261486488;8880.0;1041.2733119533762;5.0;1
vehicle_LEAD_6;205;1047.748749002502;1052.748749002502;deliverShipment;5947847652;1000;0;68.74238333333334;1.972931;5959.667533800001;67.1133731283784;8880.0;1047.748749002502;5.0;2
vehicle_LEAD_6;137;1054.6228252543497;1179.1166666666666;deliverShipment;277645033;1000;0;68.74238333333334;2.0666349999999998;5820.966873000001;65.55142875000001;8880.0;1054.6228252543497;124.4938414123169;3
vehicle_LEAD_6;259;1189.6922455155088;1194.6922455155088;deliverShipment;33257060;1000;0;68.74238333333334;2.595415;5038.266717000001;56.73723780405406;8880.0;1189.6922455155088;5.0;4
vehicle_LEAD_6;270;1214.1053466893065;1215.1053466893065;pickupShipment;6068627214;1000;0;68.74238333333334;3.566072;3601.5002256000016;40.55743497297299;8880.0;1214.1053466893065;1.0;D
vehicle_LEAD_6;98;1215.1053466893065;1216.1053466893065;pickupShipment;6068627214;1000;0;68.74238333333334;3.566072;3601.5002256000016;40.55743497297299;8880.0;1215.1053466893065;1.0;D
vehicle_LEAD_6;298;1216.1053466893065;1217.1053466893065;pickupShipment;6068627214;1000;0;68.74238333333334;3.566072;3601.5002256000016;40.55743497297299;8880.0;1216.1053466893065;1.0;D
vehicle_LEAD_6;322;1217.1053466893065;1218.1053466893065;pickupShipment;6068627214;1000;0;68.74238333333334;3.566072;3601.5002256000016;40.55743497297299;8880.0;1217.1053466893065;1.0;D
vehicle_LEAD_6;1;1218.1053466893065;1236.3592758611262;recharge;6068627214;1000;0;68.74238333333334;3.566072;3601.5002256000016;40.55743497297299;8880.0;1218.1053466893065;18.253929171819664;r1
vehicle_LEAD_6;1;1218.1053466893065;1236.3592758611262;recharge;6068627214;1000;0;68.74238333333334;3.566072;8880.0;100.0;8880.0;1218.1053466893065;18.253929171819664;r2
vehicle_LEAD_6;216;1236.3592758611262;1237.3592758611262;pickupShipment;6068627214;1000;0;68.74238333333334;3.566072;8880.0;100.0;8880.0;1236.3592758611262;1.0;D
vehicle_LEAD_6;217;1251.068608442461;1256.068608442461;deliverShipment;25312126;1000;0;68.74238333333334;4.25154;7865.3702664;88.5739894864865;8880.0;1251.068608442461;5.0;1
vehicle_LEAD_6;271;1264.807770964136;1269.807770964136;deliverShipment;6970402906;1000;0;68.74238333333334;4.688499;7218.5835546;81.29035534459459;8880.0;1264.807770964136;5.0;2
vehicle_LEAD_6;299;1270.2268901258976;1275.2268901258976;deliverShipment;6970402909;1000;0;68.74238333333334;4.709455;7187.5644833999995;80.94104147972972;8880.0;1270.2268901258976;5.0;3
vehicle_LEAD_6;99;1275.2268901258976;1299.55;deliverShipment;6970402909;1000;0;68.74238333333334;4.709455;7187.5644833999995;80.94104147972972;8880.0;1275.2268901258976;24.32310987410233;4
vehicle_LEAD_6;323;1299.55;1304.55;deliverShipment;6970402909;1000;0;68.74238333333334;4.709455;7187.5644833999995;80.94104147972972;8880.0;1299.55;5.0;5
vehicle_LEAD_6;116;1321.3776863446274;1322.3776863446274;pickupShipment;6068627214;1000;0;68.74238333333334;5.550841;5942.1449262;66.91604646621622;8880.0;1321.3776863446274;1.0;D
vehicle_LEAD_6;38;1322.3776863446274;1323.3776863446274;pickupShipment;6068627214;1000;0;68.74238333333334;5.550841;5942.1449262;66.91604646621622;8880.0;1322.3776863446274;1.0;D
vehicle_LEAD_6;286;1323.3776863446274;1324.3776863446274;pickupShipment;6068627214;1000;0;68.74238333333334;5.550841;5942.1449262;66.91604646621622;8880.0;1323.3776863446274;1.0;D
vehicle_LEAD_6;117;1333.6957077085847;1338.6957077085847;deliverShipment;5947847658;1000;0;68.74238333333334;6.016743;5252.5167857999995;59.14996380405405;8880.0;1333.6957077085847;5.0;1
vehicle_LEAD_6;39;1339.7254056491888;1344.7254056491888;deliverShipment;35678579;1000;0;68.74238333333334;6.0682279999999995;5176.3086888;58.29176451351351;8880.0;1339.7254056491888;5.0;2
vehicle_LEAD_6;287;1347.50944008112;1352.50944008112;deliverShipment;7362966883;1000;0;68.74238333333334;6.20743;4970.261888399999;55.97141766216216;8880.0;1347.50944008112;5.0;3
vehicle_LEAD_6;-2;1365.4890141219719;0.0;end;6068627214;1000;0;68.74238333333334;6.8564099999999994;4009.6416923999996;45.15362266216216;8880.0;1365.4890141219719;-1365.4890141219719;end
vehicle_LEAD_7;-1;0.0;0.0;start;6068627214;1000;0;68.74238333333334;0.0;8880.0;100.0;8880.0;0.0;0.0;start
vehicle_LEAD_7;80;0.0;1.0;pickupShipment;6068627214;1000;0;68.74238333333334;0.0;8880.0;100.0;8880.0;0.0;1.0;D
vehicle_LEAD_7;52;1.0;2.0;pickupShipment;6068627214;1000;0;68.74238333333334;0.0;8880.0;100.0;8880.0;1.0;1.0;D
vehicle_LEAD_7;230;2.0;3.0;pickupShipment;6068627214;1000;0;68.74238333333334;0.0;8880.0;100.0;8880.0;2.0;1.0;D
vehicle_LEAD_7;344;3.0;4.0;pickupShipment;6068627214;1000;0;68.74238333333334;0.0;8880.0;100.0;8880.0;3.0;1.0;D
vehicle_LEAD_7;81;11.974624050751899;425.0;deliverShipment;6297154743;1000;0;68.74238333333334;0.398732;8289.7968936;93.35356862162162;8880.0;11.974624050751899;413.0253759492481;1
vehicle_LEAD_7;53;425.0;430.0;deliverShipment;6297154743;1000;0;68.74238333333334;0.398732;8289.7968936;93.35356862162162;8880.0;425.0;5.0;2
vehicle_LEAD_7;345;430.0;435.0;deliverShipment;6297154743;1000;0;68.74238333333334;0.398732;8289.7968936;93.35356862162162;8880.0;430.0;5.0;3
vehicle_LEAD_7;128;442.9746240507519;443.9746240507519;pickupShipment;6068627214;1000;0;68.74238333333334;0.797464;7699.5937871999995;86.70713724324324;8880.0;442.9746240507519;1.0;D
vehicle_LEAD_7;150;443.9746240507519;444.9746240507519;pickupShipment;6068627214;1000;0;68.74238333333334;0.797464;7699.5937871999995;86.70713724324324;8880.0;443.9746240507519;1.0;D
vehicle_LEAD_7;26;444.9746240507519;445.9746240507519;pickupShipment;6068627214;1000;0;68.74238333333334;0.797464;7699.5937871999995;86.70713724324324;8880.0;444.9746240507519;1.0;D
vehicle_LEAD_7;151;463.76072847854306;468.76072847854306;deliverShipment;16564356;1000;0;68.74238333333334;1.686771;6383.241565799999;71.88335096621621;8880.0;463.76072847854306;5.0;1
vehicle_LEAD_7;231;472.98776002447994;477.98776002447994;deliverShipment;7362966881;1000;0;68.74238333333334;1.898123;6070.398335399999;68.36034161486486;8880.0;472.98776002447994;5.0;2
vehicle_LEAD_7;27;477.98776002447994;1093.1333333333334;deliverShipment;7362966881;1000;0;68.74238333333334;1.898123;6070.398335399999;68.36034161486486;8880.0;477.98776002447994;615.1455733088535;3
vehicle_LEAD_7;129;1094.4169907660187;1099.4169907660187;deliverShipment;16564347;1000;0;68.74238333333334;1.962306;5975.394658799999;67.29048039189188;8880.0;1094.4169907660187;5.0;4
vehicle_LEAD_7;250;1121.0906074187853;1122.0906074187853;pickupShipment;6068627214;1000;0;68.74238333333334;3.045989;4371.3270821999995;49.226656331081074;8880.0;1121.0906074187853;1.0;D
vehicle_LEAD_7;244;1122.0906074187853;1123.0906074187853;pickupShipment;6068627214;1000;0;68.74238333333334;3.045989;4371.3270821999995;49.226656331081074;8880.0;1122.0906074187853;1.0;D
vehicle_LEAD_7;20;1123.0906074187853;1124.0906074187853;pickupShipment;6068627214;1000;0;68.74238333333334;3.045989;4371.3270821999995;49.226656331081074;8880.0;1123.0906074187853;1.0;D
vehicle_LEAD_7;236;1124.0906074187853;1125.0906074187853;pickupShipment;6068627214;1000;0;68.74238333333334;3.045989;4371.3270821999995;49.226656331081074;8880.0;1124.0906074187853;1.0;D
vehicle_LEAD_7;245;1126.3094849810302;1131.3094849810302;deliverShipment;5947847672;1000;0;68.74238333333334;3.106933;4281.117773399999;48.21078573648648;8880.0;1126.3094849810302;5.0;1
vehicle_LEAD_7;21;1133.8813398373204;1138.8813398373204;deliverShipment;5947847668;1000;0;68.74238333333334;3.235526;4090.7744147999992;46.067279445945935;8880.0;1133.8813398373204;5.0;2
vehicle_LEAD_7;237;1138.8813398373204;1153.6333333333334;deliverShipment;5947847668;1000;0;68.74238333333334;3.235526;4090.7744147999992;46.067279445945935;8880.0;1138.8813398373204;14.751993496013029;3
vehicle_LEAD_7;251;1156.2051881896236;1161.2051881896236;deliverShipment;5947847672;1000;0;68.74238333333334;3.364119;3900.431056199999;43.92377315540539;8880.0;1156.2051881896236;5.0;4
vehicle_LEAD_7;228;1162.4240657518685;1163.4240657518685;pickupShipment;6068627214;1000;0;68.74238333333334;3.425063;3810.221747399999;42.907902560810804;8880.0;1162.4240657518685;1.0;D
vehicle_LEAD_7;252;1163.4240657518685;1164.4240657518685;pickupShipment;6068627214;1000;0;68.74238333333334;3.425063;3810.221747399999;42.907902560810804;8880.0;1163.4240657518685;1.0;D
vehicle_LEAD_7;40;1164.4240657518685;1165.4240657518685;pickupShipment;6068627214;1000;0;68.74238333333334;3.425063;3810.221747399999;42.907902560810804;8880.0;1164.4240657518685;1.0;D
vehicle_LEAD_7;338;1165.4240657518685;1166.4240657518685;pickupShipment;6068627214;1000;0;68.74238333333334;3.425063;3810.221747399999;42.907902560810804;8880.0;1165.4240657518685;1.0;D
vehicle_LEAD_7;339;1174.3986898026203;1179.3986898026203;deliverShipment;6297154743;1000;0;68.74238333333334;3.823795;3220.0186409999988;36.26147118243242;8880.0;1174.3986898026203;5.0;1
vehicle_LEAD_7;229;1183.853760892478;1188.853760892478;deliverShipment;6921021581;1000;0;68.74238333333334;4.046549;2890.298170199999;32.548402817567556;8880.0;1183.853760892478;5.0;2
vehicle_LEAD_7;253;1188.853760892478;1193.853760892478;deliverShipment;6921021581;1000;0;68.74238333333334;4.046549;2890.298170199999;32.548402817567556;8880.0;1188.853760892478;5.0;3
vehicle_LEAD_7;41;1193.853760892478;1198.853760892478;deliverShipment;6921021581;1000;0;68.74238333333334;4.046549;2890.298170199999;32.548402817567556;8880.0;1193.853760892478;5.0;4
vehicle_LEAD_7;318;1210.849176901646;1211.849176901646;pickupShipment;6068627214;1000;0;68.74238333333334;4.6463209999999995;2002.515655799999;22.550851979729718;8880.0;1210.849176901646;1.0;D
vehicle_LEAD_7;4;1211.849176901646;1212.849176901646;pickupShipment;6068627214;1000;0;68.74238333333334;4.6463209999999995;2002.515655799999;22.550851979729718;8880.0;1211.849176901646;1.0;D
vehicle_LEAD_7;378;1212.849176901646;1213.849176901646;pickupShipment;6068627214;1000;0;68.74238333333334;4.6463209999999995;2002.515655799999;22.550851979729718;8880.0;1212.849176901646;1.0;D
vehicle_LEAD_7;384;1213.849176901646;1214.849176901646;pickupShipment;6068627214;1000;0;68.74238333333334;4.6463209999999995;2002.515655799999;22.550851979729718;8880.0;1213.849176901646;1.0;D
vehicle_LEAD_7;319;1226.9472927054144;1231.9472927054144;deliverShipment;35678579;1000;0;68.74238333333334;5.251227999999999;1107.132314399999;12.46770624324323;8880.0;1226.9472927054144;5.0;1
vehicle_LEAD_7;385;1231.9472927054144;1236.9472927054144;deliverShipment;35678579;1000;0;68.74238333333334;5.251227999999999;1107.132314399999;12.46770624324323;8880.0;1231.9472927054144;5.0;2
vehicle_LEAD_7;379;1240.9282647434702;1245.9282647434702;deliverShipment;4574272246;1000;0;68.74238333333334;5.450276999999999;812.4999845999989;9.14977460135134;8880.0;1240.9282647434702;5.0;3
vehicle_LEAD_7;5;1248.3122999753998;1253.3122999753998;deliverShipment;5947847669;1000;0;68.74238333333334;5.5694789999999985;636.0571841999989;7.1628061283783655;8880.0;1248.3122999753998;5.0;4
vehicle_LEAD_7;-2;1259.9733466533064;0.0;end;6068627214;1000;0;68.74238333333334;5.902531999999998;143.072133599999;1.6111726756756644;8880.0;1259.9733466533064;-1259.9733466533064;end
vehicle_LEAD_8;-1;0.0;0.0;start;6068627214;1000;0;68.74238333333334;0.0;8880.0;100.0;8880.0;0.0;0.0;start
vehicle_LEAD_8;340;0.0;1.0;pickupShipment;6068627214;1000;0;68.74238333333334;0.0;8880.0;100.0;8880.0;0.0;1.0;D
vehicle_LEAD_8;6;1.0;2.0;pickupShipment;6068627214;1000;0;68.74238333333334;0.0;8880.0;100.0;8880.0;1.0;1.0;D
vehicle_LEAD_8;370;2.0;3.0;pickupShipment;6068627214;1000;0;68.74238333333334;0.0;8880.0;100.0;8880.0;2.0;1.0;D
vehicle_LEAD_8;372;3.0;4.0;pickupShipment;6068627214;1000;0;68.74238333333334;0.0;8880.0;100.0;8880.0;3.0;1.0;D
vehicle_LEAD_8;371;15.490357019285963;425.0;deliverShipment;5947881177;1000;0;68.74238333333334;0.574519;8029.5969762;90.42338937162164;8880.0;15.490357019285963;409.50964298071403;1
vehicle_LEAD_8;341;428.98263203473596;433.98263203473596;deliverShipment;829114775;1000;0;68.74238333333334;0.773651;7734.841789800001;87.10407420945947;8880.0;428.98263203473596;5.0;2
vehicle_LEAD_8;373;433.98263203473596;438.98263203473596;deliverShipment;829114775;1000;0;68.74238333333334;0.773651;7734.841789800001;87.10407420945947;8880.0;433.98263203473596;5.0;3
vehicle_LEAD_8;170;454.4556210887579;455.4556210887579;pickupShipment;6068627214;1000;0;68.74238333333334;1.5473020000000002;6589.6835796000005;74.20814841891892;8880.0;454.4556210887579;1.0;D
vehicle_LEAD_8;362;455.4556210887579;456.4556210887579;pickupShipment;6068627214;1000;0;68.74238333333334;1.5473020000000002;6589.6835796000005;74.20814841891892;8880.0;455.4556210887579;1.0;D
vehicle_LEAD_8;220;456.4556210887579;457.4556210887579;pickupShipment;6068627214;1000;0;68.74238333333334;1.5473020000000002;6589.6835796000005;74.20814841891892;8880.0;456.4556210887579;1.0;D
vehicle_LEAD_8;171;464.1033077933845;469.1033077933845;deliverShipment;5947847671;1000;0;68.74238333333334;1.879687;6097.6873026;68.66764980405405;8880.0;464.1033077933845;5.0;1
vehicle_LEAD_8;363;474.2835174329652;479.2835174329652;deliverShipment;34815654;1000;0;68.74238333333334;2.138698;5714.2992204;64.35021644594595;8880.0;474.2835174329652;5.0;2
vehicle_LEAD_8;221;484.4637270725459;874.3833333333333;deliverShipment;5947847671;1000;0;68.74238333333334;2.3977090000000003;5330.9111382;60.032783087837835;8880.0;484.4637270725459;389.9196062607874;3
vehicle_LEAD_8;138;881.0310200379599;882.0310200379599;pickupShipment;6068627214;1000;0;68.74238333333334;2.7300940000000002;4838.9148612;54.492284472972976;8880.0;881.0310200379599;1.0;D
vehicle_LEAD_8;202;882.0310200379599;883.0310200379599;pickupShipment;6068627214;1000;0;68.74238333333334;2.7300940000000002;4838.9148612;54.492284472972976;8880.0;882.0310200379599;1.0;D
vehicle_LEAD_8;294;883.0310200379599;884.0310200379599;pickupShipment;6068627214;1000;0;68.74238333333334;2.7300940000000002;4838.9148612;54.492284472972976;8880.0;883.0310200379599;1.0;D
vehicle_LEAD_8;203;895.5213770572459;900.5213770572459;deliverShipment;5947881177;1000;0;68.74238333333334;3.3046130000000002;3988.5118374;44.91567384459459;8880.0;895.5213770572459;5.0;1
vehicle_LEAD_8;295;902.8479924040153;1038.9666666666667;deliverShipment;5947881172;1000;0;68.74238333333334;3.4209440000000004;3816.3186912;42.97656183783784;8880.0;902.8479924040153;136.11867426265144;2
vehicle_LEAD_8;288;1048.1304083391833;1049.1304083391833;pickupShipment;6068627214;1000;0;68.74238333333334;3.8791320000000002;3138.1088136000003;35.33906321621622;8880.0;1048.1304083391833;1.0;D
vehicle_LEAD_8;180;1049.1304083391833;1050.1304083391833;pickupShipment;6068627214;1000;0;68.74238333333334;3.8791320000000002;3138.1088136000003;35.33906321621622;8880.0;1049.1304083391833;1.0;D
vehicle_LEAD_8;289;1054.2918400163198;1059.2918400163198;deliverShipment;5947847667;1000;0;68.74238333333334;4.087204;2830.1206392000004;31.870727918918924;8880.0;1054.2918400163198;5.0;1
vehicle_LEAD_8;181;1060.4404377191245;1166.7166666666667;deliverShipment;35678668;1000;0;68.74238333333334;4.144634;2745.1127532000005;30.91343190540541;8880.0;1060.4404377191245;106.27622894754222;2
vehicle_LEAD_8;272;1171.6519767960465;1172.6519767960465;pickupShipment;6068627214;1000;0;68.74238333333334;4.3914;2379.8497200000006;26.800109459459463;8880.0;1171.6519767960465;1.0;D
vehicle_LEAD_8;330;1172.6519767960465;1173.6519767960465;pickupShipment;6068627214;1000;0;68.74238333333334;4.3914;2379.8497200000006;26.800109459459463;8880.0;1172.6519767960465;1.0;D
vehicle_LEAD_8;7;1182.5007990984018;1187.5007990984018;deliverShipment;4574272246;1000;0;68.74238333333334;4.833842;1724.9470716000005;19.42507963513514;8880.0;1182.5007990984018;5.0;1
vehicle_LEAD_8;139;1190.7053926892147;1195.7053926892147;deliverShipment;4574272247;1000;0;68.74238333333334;4.994072;1487.7746256000005;16.75421875675676;8880.0;1190.7053926892147;5.0;2
vehicle_LEAD_8;273;1195.7053926892147;1200.7053926892147;deliverShipment;4574272247;1000;0;68.74238333333334;4.994072;1487.7746256000005;16.75421875675676;8880.0;1195.7053926892147;5.0;3
vehicle_LEAD_8;331;1202.784248531503;1207.784248531503;deliverShipment;2170533264;1000;0;68.74238333333334;5.098015;1333.9181970000004;15.021601317567573;8880.0;1202.784248531503;5.0;4
vehicle_LEAD_8;-2;1220.8350224299552;0.0;end;6068627214;1000;0;68.74238333333334;5.750555;368.0284890000004;4.144464966216221;8880.0;1220.8350224299552;-1220.8350224299552;end
vehicle_LEAD_9;-1;0.0;0.0;start;6068627214;1000;0;68.74238333333334;0.0;8880.0;100.0;8880.0;0.0;0.0;start
vehicle_LEAD_9;278;0.0;1.0;pickupShipment;6068627214;1000;0;68.74238333333334;0.0;8880.0;100.0;8880.0;0.0;1.0;D
vehicle_LEAD_9;126;1.0;2.0;pickupShipment;6068627214;1000;0;68.74238333333334;0.0;8880.0;100.0;8880.0;1.0;1.0;D
vehicle_LEAD_9;182;2.0;3.0;pickupShipment;6068627214;1000;0;68.74238333333334;0.0;8880.0;100.0;8880.0;2.0;1.0;D
vehicle_LEAD_9;348;3.0;4.0;pickupShipment;6068627214;1000;0;68.74238333333334;0.0;8880.0;100.0;8880.0;3.0;1.0;D
vehicle_LEAD_9;279;15.572176855646285;425.0;deliverShipment;6921021579;1000;0;68.74238333333334;0.5786099999999998;8023.541478;90.35519682432432;8880.0;15.572176855646285;409.42782314435374;1
vehicle_LEAD_9;127;427.13537572924855;432.13537572924855;deliverShipment;5947881168;1000;0;68.74238333333334;0.6853789999999998;7865.5020042;88.57547302027027;8880.0;427.13537572924855;5.0;2
vehicle_LEAD_9;183;432.7198545602909;437.7198545602909;deliverShipment;5947881169;1000;0;68.74238333333334;0.7146029999999999;7822.2446394;88.08834053378378;8880.0;432.7198545602909;5.0;3
vehicle_LEAD_9;349;437.7198545602909;442.7198545602909;deliverShipment;5947881169;1000;0;68.74238333333334;0.7146029999999999;7822.2446394;88.08834053378378;8880.0;437.7198545602909;5.0;4
vehicle_LEAD_9;118;451.8663362673275;452.8663362673275;pickupShipment;6068627214;1000;0;68.74238333333334;1.1719279999999999;7145.3121744;80.46522718918919;8880.0;451.8663362673275;1.0;D
vehicle_LEAD_9;380;452.8663362673275;453.8663362673275;pickupShipment;6068627214;1000;0;68.74238333333334;1.1719279999999999;7145.3121744;80.46522718918919;8880.0;452.8663362673275;1.0;D
vehicle_LEAD_9;314;453.8663362673275;454.8663362673275;pickupShipment;6068627214;1000;0;68.74238333333334;1.1719279999999999;7145.3121744;80.46522718918919;8880.0;453.8663362673275;1.0;D
vehicle_LEAD_9;326;454.8663362673275;455.8663362673275;pickupShipment;6068627214;1000;0;68.74238333333334;1.1719279999999999;7145.3121744;80.46522718918919;8880.0;454.8663362673275;1.0;D
vehicle_LEAD_9;327;465.003117993764;470.003117993764;deliverShipment;5947847657;1000;0;68.74238333333334;1.6287679999999998;6469.097606400001;72.85019827027027;8880.0;465.003117993764;5.0;1
vehicle_LEAD_9;119;472.4788530422939;477.4788530422939;deliverShipment;5947847669;1000;0;68.74238333333334;1.7525549999999999;6285.8680890000005;70.78680280405406;8880.0;472.4788530422939;5.0;2
vehicle_LEAD_9;315;481.1270657458685;953.8833333333333;deliverShipment;35678668;1000;0;68.74238333333334;1.9349659999999997;6015.8633268;67.74620863513515;8880.0;481.1270657458685;472.75626758746483;3
vehicle_LEAD_9;280;958.8186434627131;959.8186434627131;pickupShipment;6068627214;1000;0;68.74238333333334;2.181732;5650.6002936;63.6328861891892;8880.0;958.8186434627131;1.0;D
vehicle_LEAD_9;86;959.8186434627131;960.8186434627131;pickupShipment;6068627214;1000;0;68.74238333333334;2.181732;5650.6002936;63.6328861891892;8880.0;959.8186434627131;1.0;D
vehicle_LEAD_9;196;960.8186434627131;961.8186434627131;pickupShipment;6068627214;1000;0;68.74238333333334;2.181732;5650.6002936;63.6328861891892;8880.0;960.8186434627131;1.0;D
vehicle_LEAD_9;1;961.8186434627131;990.4582800242945;recharge;6068627214;1000;0;68.74238333333334;2.181732;5650.6002936;63.6328861891892;8880.0;961.8186434627131;28.63963656158137;r1
vehicle_LEAD_9;1;961.8186434627131;990.4582800242945;recharge;6068627214;1000;0;68.74238333333334;2.181732;8880.0;100.0;8880.0;961.8186434627131;28.63963656158137;r2
vehicle_LEAD_9;18;990.4582800242945;991.4582800242945;pickupShipment;6068627214;1000;0;68.74238333333334;2.181732;8880.0;100.0;8880.0;990.4582800242945;1.0;D
vehicle_LEAD_9;19;992.6771575865394;997.6771575865394;deliverShipment;5947847672;1000;0;68.74238333333334;2.242676;8789.7906912;98.98412940540541;8880.0;992.6771575865394;5.0;1
vehicle_LEAD_9;281;998.8091153226238;1003.8091153226238;deliverShipment;5947870999;1000;0;68.74238333333334;2.299274;8706.0143316;98.04070193243243;8880.0;998.8091153226238;5.0;2
vehicle_LEAD_9;87;1004.7516734375076;1009.7516734375076;deliverShipment;5947870997;1000;0;68.74238333333334;2.346402;8636.255465999999;97.25512912162161;8880.0;1004.7516734375076;5.0;3
vehicle_LEAD_9;124;1012.9590670227204;1013.9590670227204;pickupShipment;6068627214;1000;0;68.74238333333334;2.506772;8398.875791999999;94.58193459459459;8880.0;1012.9590670227204;1.0;D
vehicle_LEAD_9;412;1013.9590670227204;1014.9590670227204;pickupShipment;6068627214;1000;0;68.74238333333334;2.506772;8398.875791999999;94.58193459459459;8880.0;1013.9590670227204;1.0;D
vehicle_LEAD_9;125;1027.0571828264888;1032.0571828264888;deliverShipment;35678579;1000;0;68.74238333333334;3.1116789999999996;7503.492450599999;84.4987888581081;8880.0;1027.0571828264888;5.0;1
vehicle_LEAD_9;197;1037.0581728245088;1042.0581728245088;deliverShipment;5947847652;1000;0;68.74238333333334;3.3617289999999995;7133.368440599999;80.33072568243243;8880.0;1037.0581728245088;5.0;2
vehicle_LEAD_9;413;1043.3292902822739;1048.3292902822739;deliverShipment;5947847653;1000;0;68.74238333333334;3.4252849999999997;7039.292849399999;79.27131587162161;8880.0;1043.3292902822739;5.0;3
vehicle_LEAD_9;381;1053.109620721613;1058.109620721613;deliverShipment;5947847660;1000;0;68.74238333333334;3.6643019999999997;6685.499885999999;75.28716087837837;8880.0;1053.109620721613;5.0;4
vehicle_LEAD_9;306;1067.4484020440505;1068.4484020440505;pickupShipment;6068627214;1000;0;68.74238333333334;4.131241999999999;5994.335297999999;67.50377587837836;8880.0;1067.4484020440505;1.0;D
vehicle_LEAD_9;44;1068.4484020440505;1069.4484020440505;pickupShipment;6068627214;1000;0;68.74238333333334;4.131241999999999;5994.335297999999;67.50377587837836;8880.0;1068.4484020440505;1.0;D
vehicle_LEAD_9;60;1069.4484020440505;1070.4484020440505;pickupShipment;6068627214;1000;0;68.74238333333334;4.131241999999999;5994.335297999999;67.50377587837836;8880.0;1069.4484020440505;1.0;D
vehicle_LEAD_9;100;1070.4484020440505;1071.4484020440505;pickupShipment;6068627214;1000;0;68.74238333333334;4.131241999999999;5994.335297999999;67.50377587837836;8880.0;1070.4484020440505;1.0;D
vehicle_LEAD_9;307;1090.8872631663282;1095.8872631663282;deliverShipment;6970402893;1000;0;68.74238333333334;5.103186999999999;4555.662308999999;51.30250347972972;8880.0;1090.8872631663282;5.0;1
vehicle_LEAD_9;45;1095.8872631663282;1114.3333333333333;deliverShipment;6970402893;1000;0;68.74238333333334;5.103186999999999;4555.662308999999;51.30250347972972;8880.0;1095.8872631663282;18.44607016700502;2
vehicle_LEAD_9;61;1119.534882930234;1124.534882930234;deliverShipment;34815653;1000;0;68.74238333333334;5.363264999999999;4170.694853399999;46.96728438513513;8880.0;1119.534882930234;5.0;3
vehicle_LEAD_9;101;1124.9267021465955;1129.9267021465955;deliverShipment;2088132520;1000;0;68.74238333333334;5.382855999999999;4141.6962551999995;46.64072359459459;8880.0;1124.9267021465955;5.0;4
vehicle_LEAD_9;240;1144.5766128467742;1145.5766128467742;pickupShipment;6068627214;1000;0;68.74238333333334;6.115352999999999;3057.4541957999995;34.43079049324324;8880.0;1144.5766128467742;1.0;D
vehicle_LEAD_9;310;1145.5766128467742;1146.5766128467742;pickupShipment;6068627214;1000;0;68.74238333333334;6.115352999999999;3057.4541957999995;34.43079049324324;8880.0;1145.5766128467742;1.0;D
vehicle_LEAD_9;8;1146.5766128467742;1147.5766128467742;pickupShipment;6068627214;1000;0;68.74238333333334;6.115352999999999;3057.4541957999995;34.43079049324324;8880.0;1146.5766128467742;1.0;D
vehicle_LEAD_9;198;1147.5766128467742;1148.5766128467742;pickupShipment;6068627214;1000;0;68.74238333333334;6.115352999999999;3057.4541957999995;34.43079049324324;8880.0;1147.5766128467742;1.0;D
vehicle_LEAD_9;9;1157.8946342107315;1162.8946342107315;deliverShipment;5947847658;1000;0;68.74238333333334;6.581254999999999;2367.8260553999994;26.664707831081074;8880.0;1157.8946342107315;5.0;1
vehicle_LEAD_9;199;1168.4437231125537;1173.4437231125537;deliverShipment;2244471203;1000;0;68.74238333333334;6.8587099999999985;1957.1371643999994;22.039832932432425;8880.0;1168.4437231125537;5.0;2
vehicle_LEAD_9;241;1179.013571972856;1184.013571972856;deliverShipment;5947847660;1000;0;68.74238333333334;7.137202999999999;1544.9118257999994;17.39765569594594;8880.0;1179.013571972856;5.0;3
vehicle_LEAD_9;311;1184.013571972856;1189.013571972856;deliverShipment;5947847660;1000;0;68.74238333333334;7.137202999999999;1544.9118257999994;17.39765569594594;8880.0;1184.013571972856;5.0;4
vehicle_LEAD_9;-2;1198.3523532952934;0.0;end;6068627214;1000;0;68.74238333333334;7.604142999999999;853.7472377999994;9.61427069594594;8880.0;1198.3523532952934;-1198.3523532952934;end
vehicle_LEAD_12;-1;0.0;0.0;start;6068627214;1000;0;68.74238333333334;0.0;8880.0;100.0;8880.0;0.0;0.0;start
vehicle_LEAD_12;160;0.0;1.0;pickupShipment;6068627214;1000;0;68.74238333333334;0.0;8880.0;100.0;8880.0;0.0;1.0;D
vehicle_LEAD_12;256;1.0;2.0;pickupShipment;6068627214;1000;0;68.74238333333334;0.0;8880.0;100.0;8880.0;1.0;1.0;D
vehicle_LEAD_12;162;2.0;3.0;pickupShipment;6068627214;1000;0;68.74238333333334;0.0;8880.0;100.0;8880.0;2.0;1.0;D
vehicle_LEAD_12;161;5.273795452409095;425.0;deliverShipment;7650369684;1000;0;68.74238333333334;0.11368999999999999;8711.716062;98.1049106081081;8880.0;5.273795452409095;419.7262045475909;1
vehicle_LEAD_12;257;426.41483717032565;431.41483717032565;deliverShipment;5947847672;1000;0;68.74238333333334;0.18443199999999998;8607.0037536;96.92571794594595;8880.0;426.41483717032565;5.0;2
vehicle_LEAD_12;163;432.8227343545313;437.8227343545313;deliverShipment;4574272238;1000;0;68.74238333333334;0.25482699999999997;8502.8050746;95.75230939864866;8880.0;432.8227343545313;5.0;3
vehicle_LEAD_12;58;440.36350927298145;441.36350927298145;pickupShipment;6068627214;1000;0;68.74238333333334;0.3818659999999999;8314.761946800001;93.63470660810812;8880.0;440.36350927298145;1.0;D
vehicle_LEAD_12;194;441.36350927298145;442.36350927298145;pickupShipment;6068627214;1000;0;68.74238333333334;0.3818659999999999;8314.761946800001;93.63470660810812;8880.0;441.36350927298145;1.0;D
vehicle_LEAD_12;328;442.36350927298145;443.36350927298145;pickupShipment;6068627214;1000;0;68.74238333333334;0.3818659999999999;8314.761946800001;93.63470660810812;8880.0;442.36350927298145;1.0;D
vehicle_LEAD_12;104;443.36350927298145;444.36350927298145;pickupShipment;6068627214;1000;0;68.74238333333334;0.3818659999999999;8314.761946800001;93.63470660810812;8880.0;443.36350927298145;1.0;D
vehicle_LEAD_12;59;457.4142831714336;462.4142831714336;deliverShipment;2170533264;1000;0;68.74238333333334;1.034406;7348.8722388000015;82.75757025675678;8880.0;457.4142831714336;5.0;1
vehicle_LEAD_12;195;462.4142831714336;467.4142831714336;deliverShipment;2170533264;1000;0;68.74238333333334;1.034406;7348.8722388000015;82.75757025675678;8880.0;462.4142831714336;5.0;2
vehicle_LEAD_12;105;468.5400209199581;473.5400209199581;deliverShipment;4574272246;1000;0;68.74238333333334;1.090693;7265.556221400001;81.81932681756759;8880.0;468.5400209199581;5.0;3
vehicle_LEAD_12;352;482.38884322231354;483.38884322231354;pickupShipment;6068627214;1000;0;68.74238333333334;1.533135;6610.653573000001;74.44429699324327;8880.0;482.38884322231354;1.0;D
vehicle_LEAD_12;16;483.38884322231354;484.38884322231354;pickupShipment;6068627214;1000;0;68.74238333333334;1.533135;6610.653573000001;74.44429699324327;8880.0;483.38884322231354;1.0;D
vehicle_LEAD_12;350;484.38884322231354;485.38884322231354;pickupShipment;6068627214;1000;0;68.74238333333334;1.533135;6610.653573000001;74.44429699324327;8880.0;484.38884322231354;1.0;D
vehicle_LEAD_12;17;491.28741142517714;1146.95;deliverShipment;25312133;1000;0;68.74238333333334;1.828064;6174.099667200001;69.52814940540541;8880.0;491.28741142517714;655.6625885748228;1
vehicle_LEAD_12;186;1152.8485682028636;1153.8485682028636;pickupShipment;6068627214;1000;0;68.74238333333334;2.122993;5737.545761400001;64.61200181756757;8880.0;1152.8485682028636;1.0;D
vehicle_LEAD_12;329;1181.449473001054;1186.449473001054;deliverShipment;33255445;1000;0;68.74238333333334;3.5030410000000005;3694.7987117999996;41.60809360135135;8880.0;1181.449473001054;5.0;1
vehicle_LEAD_12;353;1186.449473001054;1191.449473001054;deliverShipment;33255445;1000;0;68.74238333333334;3.5030410000000005;3694.7987117999996;41.60809360135135;8880.0;1186.449473001054;5.0;2
vehicle_LEAD_12;187;1205.2711653576694;1210.2711653576694;deliverShipment;1764056268;1000;0;68.74238333333334;4.194127000000001;2671.8532145999993;30.088437101351346;8880.0;1205.2711653576694;5.0;3
vehicle_LEAD_12;351;1239.9651859696282;1244.9651859696282;deliverShipment;25312133;1000;0;68.74238333333334;5.678831000000001;474.1943537999996;5.340026506756752;8880.0;1239.9651859696282;5.0;4
vehicle_LEAD_12;-2;1250.8637541724918;0.0;end;6068627214;1000;0;68.74238333333334;5.97376;37.640447999999594;0.4238789189189143;8880.0;1250.8637541724918;-1250.8637541724918;end
vehicle_LEAD_13;-1;0.0;0.0;start;6068627214;1000;0;68.74238333333334;0.0;8880.0;100.0;8880.0;0.0;0.0;start
vehicle_LEAD_13;174;0.0;1.0;pickupShipment;6068627214;1000;0;68.74238333333334;0.0;8880.0;100.0;8880.0;0.0;1.0;D
vehicle_LEAD_13;74;1.0;2.0;pickupShipment;6068627214;1000;0;68.74238333333334;0.0;8880.0;100.0;8880.0;1.0;1.0;D
vehicle_LEAD_13;122;2.0;3.0;pickupShipment;6068627214;1000;0;68.74238333333334;0.0;8880.0;100.0;8880.0;2.0;1.0;D
vehicle_LEAD_13;268;3.0;4.0;pickupShipment;6068627214;1000;0;68.74238333333334;0.0;8880.0;100.0;8880.0;3.0;1.0;D
vehicle_LEAD_13;123;20.16494767010466;425.0;deliverShipment;2636357128;1000;0;68.74238333333334;0.8082489999999999;7683.6298302000005;86.52736295270272;8880.0;20.16494767010466;404.83505232989535;1
vehicle_LEAD_13;75;425.0;430.0;deliverShipment;2636357128;1000;0;68.74238333333334;0.8082489999999999;7683.6298302000005;86.52736295270272;8880.0;425.0;5.0;2
vehicle_LEAD_13;175;430.5472989054022;435.5472989054022;deliverShipment;2636357129;1000;0;68.74238333333334;0.8356139999999999;7643.124157200001;86.07121798648649;8880.0;430.5472989054022;5.0;3
vehicle_LEAD_13;269;437.92685414629176;1131.8833333333334;deliverShipment;2636357171;1000;0;68.74238333333334;0.9545919999999999;7467.0129216000005;84.08798335135135;8880.0;437.92685414629176;693.9564791870416;4
vehicle_LEAD_13;96;1150.291856516287;1151.291856516287;pickupShipment;6068627214;1000;0;68.74238333333334;1.8750200000000001;6104.595396000001;68.74544364864865;8880.0;1150.291856516287;1.0;D
vehicle_LEAD_13;114;1151.291856516287;1152.291856516287;pickupShipment;6068627214;1000;0;68.74238333333334;1.8750200000000001;6104.595396000001;68.74544364864865;8880.0;1151.291856516287;1.0;D
vehicle_LEAD_13;97;1158.523244053512;1163.523244053512;deliverShipment;25312138;1000;0;68.74238333333334;2.1865900000000003;5643.409482000001;63.55190858108109;8880.0;1158.523244053512;5.0;1
vehicle_LEAD_13;115;1163.523244053512;1168.523244053512;deliverShipment;25312138;1000;0;68.74238333333334;2.1865900000000003;5643.409482000001;63.55190858108109;8880.0;1163.523244053512;5.0;2
vehicle_LEAD_13;62;1174.7546315907368;1175.7546315907368;pickupShipment;6068627214;1000;0;68.74238333333334;2.4981600000000004;5182.223568000001;58.35837351351353;8880.0;1174.7546315907368;1.0;D
vehicle_LEAD_13;76;1175.7546315907368;1176.7546315907368;pickupShipment;6068627214;1000;0;68.74238333333334;2.4981600000000004;5182.223568000001;58.35837351351353;8880.0;1175.7546315907368;1.0;D
vehicle_LEAD_13;400;1176.7546315907368;1177.7546315907368;pickupShipment;6068627214;1000;0;68.74238333333334;2.4981600000000004;5182.223568000001;58.35837351351353;8880.0;1176.7546315907368;1.0;D
vehicle_LEAD_13;24;1177.7546315907368;1178.7546315907368;pickupShipment;6068627214;1000;0;68.74238333333334;2.4981600000000004;5182.223568000001;58.35837351351353;8880.0;1177.7546315907368;1.0;D
vehicle_LEAD_13;63;1187.6582937834125;1192.6582937834125;deliverShipment;25312123;1000;0;68.74238333333334;2.943344;4523.262211200001;50.93763751351352;8880.0;1187.6582937834125;5.0;1
vehicle_LEAD_13;77;1192.6582937834125;1237.65;deliverShipment;25312123;1000;0;68.74238333333334;2.943344;4523.262211200001;50.93763751351352;8880.0;1192.6582937834125;44.991706216587545;2
vehicle_LEAD_13;401;1237.65;1242.65;deliverShipment;25312123;1000;0;68.74238333333334;2.943344;4523.262211200001;50.93763751351352;8880.0;1237.65;5.0;3
vehicle_LEAD_13;25;1247.2764307471386;1252.2764307471386;deliverShipment;2170533263;1000;0;68.74238333333334;3.174666;4180.859386800001;47.08174985135136;8880.0;1247.2764307471386;5.0;4
vehicle_LEAD_13;212;1264.1669469661063;1265.1669469661063;pickupShipment;6068627214;1000;0;68.74238333333334;3.769193;3300.840521400001;37.17162749324325;8880.0;1264.1669469661063;1.0;D
vehicle_LEAD_13;146;1265.1669469661063;1266.1669469661063;pickupShipment;6068627214;1000;0;68.74238333333334;3.769193;3300.840521400001;37.17162749324325;8880.0;1265.1669469661063;1.0;D
vehicle_LEAD_13;238;1266.1669469661063;1267.1669469661063;pickupShipment;6068627214;1000;0;68.74238333333334;3.769193;3300.840521400001;37.17162749324325;8880.0;1266.1669469661063;1.0;D
vehicle_LEAD_13;232;1267.1669469661063;1268.1669469661063;pickupShipment;6068627214;1000;0;68.74238333333334;3.769193;3300.840521400001;37.17162749324325;8880.0;1267.1669469661063;1.0;D
vehicle_LEAD_13;239;1285.7889717220567;1290.7889717220567;deliverShipment;2244092199;1000;0;68.74238333333334;4.650296;1996.6318608000008;22.484593027027035;8880.0;1285.7889717220567;5.0;1
vehicle_LEAD_13;233;1293.7456258087484;1298.7456258087484;deliverShipment;27503216;1000;0;68.74238333333334;4.798129;1777.8094542000008;20.020376736486494;8880.0;1293.7456258087484;5.0;2
vehicle_LEAD_13;147;1302.603378093244;1307.603378093244;deliverShipment;6970402888;1000;0;68.74238333333334;4.991017;1492.296636600001;16.805142304054066;8880.0;1302.603378093244;5.0;3
vehicle_LEAD_13;213;1308.405456489087;1313.405456489087;deliverShipment;1384090142;1000;0;68.74238333333334;5.031121000000001;1432.934695800001;16.13665197972974;8880.0;1308.405456489087;5.0;4
vehicle_LEAD_13;-2;1329.639124021752;0.0;end;6068627214;1000;0;68.74238333333334;5.842806000000001;231.47855880000066;2.6067405270270343;8880.0;1329.639124021752;-1329.639124021752;end
vehicle_LEAD_14;-1;0.0;0.0;start;6068627214;1000;0;68.74238333333334;0.0;8880.0;100.0;8880.0;0.0;0.0;start
vehicle_LEAD_14;408;0.0;1.0;pickupShipment;6068627214;1000;0;68.74238333333334;0.0;8880.0;100.0;8880.0;0.0;1.0;D
vehicle_LEAD_14;210;1.0;2.0;pickupShipment;6068627214;1000;0;68.74238333333334;0.0;8880.0;100.0;8880.0;1.0;1.0;D
vehicle_LEAD_14;88;2.0;3.0;pickupShipment;6068627214;1000;0;68.74238333333334;0.0;8880.0;100.0;8880.0;2.0;1.0;D
vehicle_LEAD_14;106;3.0;4.0;pickupShipment;6068627214;1000;0;68.74238333333334;0.0;8880.0;100.0;8880.0;3.0;1.0;D
vehicle_LEAD_14;107;15.110577778844442;425.0;deliverShipment;5947881175;1000;0;68.74238333333334;0.55553;8057.704494;90.73991547297297;8880.0;15.110577778844442;409.88942222115554;1
vehicle_LEAD_14;89;425.754618490763;430.754618490763;deliverShipment;2175345501;1000;0;68.74238333333334;0.5932609999999999;8001.855067799999;90.11098049324323;8880.0;425.754618490763;5.0;2
vehicle_LEAD_14;211;435.1452897094206;440.1452897094206;deliverShipment;7545602963;1000;0;68.74238333333334;0.8127949999999999;7676.900841;86.4515860472973;8880.0;435.1452897094206;5.0;3
vehicle_LEAD_14;54;456.4011571976856;457.4011571976856;pickupShipment;6068627214;1000;0;68.74238333333334;1.6255899999999999;6473.801681999999;72.9031720945946;8880.0;456.4011571976856;1.0;D
vehicle_LEAD_14;56;457.4011571976856;458.4011571976856;pickupShipment;6068627214;1000;0;68.74238333333334;1.6255899999999999;6473.801681999999;72.9031720945946;8880.0;457.4011571976856;1.0;D
vehicle_LEAD_14;144;458.4011571976856;459.4011571976856;pickupShipment;6068627214;1000;0;68.74238333333334;1.6255899999999999;6473.801681999999;72.9031720945946;8880.0;458.4011571976856;1.0;D
vehicle_LEAD_14;57;471.29167341665317;476.29167341665317;deliverShipment;2170533263;1000;0;68.74238333333334;2.2201169999999997;5593.7828166;62.99304973648648;8880.0;471.29167341665317;5.0;1
vehicle_LEAD_14;145;484.8523162953674;489.8523162953674;deliverShipment;6929508857;1000;0;68.74238333333334;2.64815;4960.20837;55.85820236486487;8880.0;484.8523162953674;5.0;2
vehicle_LEAD_14;409;491.96013207973584;850.6166666666667;deliverShipment;7363009585;1000;0;68.74238333333334;2.753541;4804.208611800001;54.101448331081095;8880.0;491.96013207973584;358.65653458693083;3
vehicle_LEAD_14;55;859.8290682418635;1154.2166666666667;deliverShipment;7362230953;1000;0;68.74238333333334;3.214162;4122.3974076;46.42339422972974;8880.0;859.8290682418635;294.3875984248032;4
vehicle_LEAD_14;184;1158.531678036644;1159.531678036644;pickupShipment;6068627214;1000;0;68.74238333333334;3.429913;3803.0427774000004;42.82705830405406;8880.0;1158.531678036644;1.0;D
vehicle_LEAD_14;154;1159.531678036644;1160.531678036644;pickupShipment;6068627214;1000;0;68.74238333333334;3.429913;3803.0427774000004;42.82705830405406;8880.0;1159.531678036644;1.0;D
vehicle_LEAD_14;178;1160.531678036644;1161.531678036644;pickupShipment;6068627214;1000;0;68.74238333333334;3.429913;3803.0427774000004;42.82705830405406;8880.0;1160.531678036644;1.0;D
vehicle_LEAD_14;36;1161.531678036644;1162.531678036644;pickupShipment;6068627214;1000;0;68.74238333333334;3.429913;3803.0427774000004;42.82705830405406;8880.0;1161.531678036644;1.0;D
vehicle_LEAD_14;185;1177.283708532583;1182.283708532583;deliverShipment;1384090139;1000;0;68.74238333333334;4.167516;2711.2428168000006;30.53201370270271;8880.0;1177.283708532583;5.0;1
vehicle_LEAD_14;37;1184.567423965152;1189.567423965152;deliverShipment;6970402888;1000;0;68.74238333333334;4.281702;2542.224699600001;28.628656527027037;8880.0;1184.567423965152;5.0;2
vehicle_LEAD_14;155;1189.567423965152;1194.567423965152;deliverShipment;6970402888;1000;0;68.74238333333334;4.281702;2542.224699600001;28.628656527027037;8880.0;1189.567423965152;5.0;3
vehicle_LEAD_14;179;1201.2411906176187;1206.2411906176187;deliverShipment;5947847652;1000;0;68.74238333333334;4.615391;2048.298241800001;23.066421641891903;8880.0;1201.2411906176187;5.0;4
vehicle_LEAD_14;-2;1223.843975412049;0.0;end;6068627214;1000;0;68.74238333333334;5.495532;745.513533600001;8.395422675675688;8880.0;1223.843975412049;-1223.843975412049;end
vehicle_LEAD_15;-1;0.0;0.0;start;6068627214;1000;0;68.74238333333334;0.0;8880.0;100.0;8880.0;0.0;0.0;start
vehicle_LEAD_15;316;0.0;1.0;pickupShipment;6068627214;1000;0;68.74238333333334;0.0;8880.0;100.0;8880.0;0.0;1.0;D
vehicle_LEAD_15;50;1.0;2.0;pickupShipment;6068627214;1000;0;68.74238333333334;0.0;8880.0;100.0;8880.0;1.0;1.0;D
vehicle_LEAD_15;78;2.0;3.0;pickupShipment;6068627214;1000;0;68.74238333333334;0.0;8880.0;100.0;8880.0;2.0;1.0;D
vehicle_LEAD_15;192;3.0;4.0;pickupShipment;6068627214;1000;0;68.74238333333334;0.0;8880.0;100.0;8880.0;3.0;1.0;D
vehicle_LEAD_15;193;10.64768670462659;425.0;deliverShipment;5947847671;1000;0;68.74238333333334;0.332385;8388.003723;94.45950138513514;8880.0;10.64768670462659;414.3523132953734;1
vehicle_LEAD_15;51;433.0230839538321;438.0230839538321;deliverShipment;7545572182;1000;0;68.74238333333334;0.73354;7794.214092;87.77268121621621;8880.0;433.0230839538321;5.0;2
vehicle_LEAD_15;79;438.0230839538321;443.0230839538321;deliverShipment;7545572182;1000;0;68.74238333333334;0.73354;7794.214092;87.77268121621621;8880.0;438.0230839538321;5.0;3
vehicle_LEAD_15;317;453.736682526635;458.736682526635;deliverShipment;5947847668;1000;0;68.74238333333334;1.269221;7001.2990758;78.84345806081082;8880.0;453.736682526635;5.0;4
vehicle_LEAD_15;290;462.52741494517016;463.52741494517016;pickupShipment;6068627214;1000;0;68.74238333333334;1.458758;6720.746408399999;75.68408117567567;8880.0;462.52741494517016;1.0;D
vehicle_LEAD_15;304;463.52741494517016;464.52741494517016;pickupShipment;6068627214;1000;0;68.74238333333334;1.458758;6720.746408399999;75.68408117567567;8880.0;463.52741494517016;1.0;D
vehicle_LEAD_15;402;464.52741494517016;465.52741494517016;pickupShipment;6068627214;1000;0;68.74238333333334;1.458758;6720.746408399999;75.68408117567567;8880.0;464.52741494517016;1.0;D
vehicle_LEAD_15;68;465.52741494517016;466.52741494517016;pickupShipment;6068627214;1000;0;68.74238333333334;1.458758;6720.746408399999;75.68408117567567;8880.0;465.52741494517016;1.0;D
vehicle_LEAD_15;291;471.4627250745499;476.4627250745499;deliverShipment;35678668;1000;0;68.74238333333334;1.705524;6355.4833751999995;71.57075872972972;8880.0;471.4627250745499;5.0;1
vehicle_LEAD_15;305;476.4627250745499;481.4627250745499;deliverShipment;35678668;1000;0;68.74238333333334;1.705524;6355.4833751999995;71.57075872972972;8880.0;476.4627250745499;5.0;2
vehicle_LEAD_15;403;482.42598314803377;491.85;deliverShipment;25312133;1000;0;68.74238333333334;1.753687;6284.1925026;70.76793358783785;8880.0;482.42598314803377;9.424016851966257;3
vehicle_LEAD_15;69;493.86353597292805;498.86353597292805;deliverShipment;5947847666;1000;0;68.74238333333334;1.854364;6135.1704072;69.08975683783784;8880.0;493.86353597292805;5.0;4
vehicle_LEAD_15;14;504.3726649546701;505.3726649546701;pickupShipment;6068627214;1000;0;68.74238333333334;2.1298209999999997;5727.4389558;64.49818643918918;8880.0;504.3726649546701;1.0;D
vehicle_LEAD_15;312;505.3726649546701;506.3726649546701;pickupShipment;6068627214;1000;0;68.74238333333334;2.1298209999999997;5727.4389558;64.49818643918918;8880.0;505.3726649546701;1.0;D
vehicle_LEAD_15;92;506.3726649546701;507.3726649546701;pickupShipment;6068627214;1000;0;68.74238333333334;2.1298209999999997;5727.4389558;64.49818643918918;8880.0;506.3726649546701;1.0;D
vehicle_LEAD_15;46;507.3726649546701;508.3726649546701;pickupShipment;6068627214;1000;0;68.74238333333334;2.1298209999999997;5727.4389558;64.49818643918918;8880.0;507.3726649546701;1.0;D
vehicle_LEAD_15;313;535.4347908304184;540.4347908304184;deliverShipment;831557317;1000;0;68.74238333333334;3.4829300000000005;3724.5670139999993;41.94332222972972;8880.0;535.4347908304184;5.0;1
vehicle_LEAD_15;15;544.7845421309157;936.05;deliverShipment;1754647299;1000;0;68.74238333333334;3.7004180000000004;3402.6412763999992;38.31803239189188;8880.0;544.7845421309157;391.26545786908423;2
vehicle_LEAD_15;93;942.3459874080252;1130.35;deliverShipment;27503215;1000;0;68.74238333333334;4.015218000000001;2936.674316399999;33.070656716216206;8880.0;942.3459874080252;188.00401259197474;3
vehicle_LEAD_15;47;1134.153692392615;1139.153692392615;deliverShipment;27503216;1000;0;68.74238333333334;4.2054030000000004;2655.162479399999;29.90047837162161;8880.0;1134.153692392615;5.0;4
vehicle_LEAD_15;-2;1159.7045712908573;0.0;end;6068627214;1000;0;68.74238333333334;5.2329490000000005;1134.1888901999985;12.772397412162146;8880.0;1159.7045712908573;-1159.7045712908573;end
vehicle_LEAD_17;-1;0.0;0.0;start;6068627214;1000;0;68.74238333333334;0.0;8880.0;100.0;8880.0;0.0;0.0;start
vehicle_LEAD_17;156;0.0;1.0;pickupShipment;6068627214;1000;0;68.74238333333334;0.0;8880.0;100.0;8880.0;0.0;1.0;D
vehicle_LEAD_17;140;1.0;2.0;pickupShipment;6068627214;1000;0;68.74238333333334;0.0;8880.0;100.0;8880.0;1.0;1.0;D
vehicle_LEAD_17;32;2.0;3.0;pickupShipment;6068627214;1000;0;68.74238333333334;0.0;8880.0;100.0;8880.0;2.0;1.0;D
vehicle_LEAD_17;382;3.0;4.0;pickupShipment;6068627214;1000;0;68.74238333333334;0.0;8880.0;100.0;8880.0;3.0;1.0;D
vehicle_LEAD_17;383;19.206169587660824;425.0;deliverShipment;27503208;1000;0;68.74238333333334;0.76031;7754.589137999999;87.32645425675675;8880.0;19.206169587660824;405.79383041233916;1
vehicle_LEAD_17;376;440.20616958766084;441.20616958766084;pickupShipment;6068627214;1000;0;68.74238333333334;1.52062;6629.178275999999;74.6529085135135;8880.0;440.20616958766084;1.0;D
vehicle_LEAD_17;141;461.75704848590306;466.75704848590306;deliverShipment;27503216;1000;0;68.74238333333334;2.548166;5108.204686799998;57.52482755405403;8880.0;461.75704848590306;5.0;1
vehicle_LEAD_17;377;478.93110413779175;483.93110413779175;deliverShipment;35181052;1000;0;68.74238333333334;3.15687;4207.201025999998;47.378389932432405;8880.0;478.93110413779175;5.0;2
vehicle_LEAD_17;33;493.50872498255006;498.50872498255006;deliverShipment;6970402901;1000;0;68.74238333333334;3.635752;3498.3598895999976;39.39594470270267;8880.0;493.50872498255006;5.0;3
vehicle_LEAD_17;157;513.5765548468903;518.5765548468903;deliverShipment;5947881169;1000;0;68.74238333333334;4.389145;2383.1875709999977;26.837697871621597;8880.0;513.5765548468903;5.0;4
vehicle_LEAD_17;366;527.7230365539269;528.7230365539269;pickupShipment;6068627214;1000;0;68.74238333333334;4.84647;1706.2551059999978;19.214584527027;8880.0;527.7230365539269;1.0;D
vehicle_LEAD_17;1;528.7230365539269;537.3710604059289;recharge;6068627214;1000;0;68.74238333333334;4.84647;1706.2551059999978;19.214584527027;8880.0;528.7230365539269;8.648023852001984;r1
vehicle_LEAD_17;1;528.7230365539269;537.3710604059289;recharge;6068627214;1000;0;68.74238333333334;4.84647;8880.0;100.0;8880.0;528.7230365539269;8.648023852001984;r2
vehicle_LEAD_17;324;537.3710604059289;538.3710604059289;pickupShipment;6068627214;1000;0;68.74238333333334;4.84647;8880.0;100.0;8880.0;537.3710604059289;1.0;D
vehicle_LEAD_17;242;538.3710604059289;539.3710604059289;pickupShipment;6068627214;1000;0;68.74238333333334;4.84647;8880.0;100.0;8880.0;538.3710604059289;1.0;D
vehicle_LEAD_17;410;539.3710604059289;540.3710604059289;pickupShipment;6068627214;1000;0;68.74238333333334;4.84647;8880.0;100.0;8880.0;539.3710604059289;1.0;D
vehicle_LEAD_17;243;547.6680058120381;687.6666666666666;deliverShipment;4574272245;1000;0;68.74238333333334;5.211318;8339.9519904;93.91837827027028;8880.0;547.6680058120381;139.9986608546285;1
vehicle_LEAD_17;392;694.9636120727758;695.9636120727758;pickupShipment;6068627214;1000;0;68.74238333333334;5.576166000000001;7799.903980800001;87.83675654054055;8880.0;694.9636120727758;1.0;D
vehicle_LEAD_17;393;706.3308313383374;895.2666666666667;deliverShipment;2244451870;1000;0;68.74238333333334;6.094528;7032.624548400001;79.19622239189191;8880.0;706.3308313383374;188.9358353283293;1
vehicle_LEAD_17;356;905.6338859322282;906.6338859322282;pickupShipment;6068627214;1000;0;68.74238333333334;6.61289;6265.345116000001;70.55568824324325;8880.0;905.6338859322282;1.0;D
vehicle_LEAD_17;411;918.6293019413962;923.6293019413962;deliverShipment;6921021581;1000;0;68.74238333333334;7.212662;5377.5626016000015;60.55813740540542;8880.0;918.6293019413962;5.0;1
vehicle_LEAD_17;325;928.4170123659753;995.1833333333333;deliverShipment;3246517575;1000;0;68.74238333333334;7.452048;5023.223444400001;56.567831581081094;8880.0;928.4170123659753;66.76632096735796;2
vehicle_LEAD_17;367;995.1833333333333;1172.1666666666667;deliverShipment;3246517575;1000;0;68.74238333333334;7.452048;5023.223444400001;56.567831581081094;8880.0;995.1833333333333;176.98333333333346;3
vehicle_LEAD_17;357;1176.954377091246;1181.954377091246;deliverShipment;6921021581;1000;0;68.74238333333334;7.691433999999999;4668.884287200001;52.57752575675677;8880.0;1176.954377091246;5.0;4
vehicle_LEAD_17;386;1193.949793100414;1194.949793100414;pickupShipment;6068627214;1000;0;68.74238333333334;8.291205999999999;3781.1017728000015;42.579974918918936;8880.0;1193.949793100414;1.0;D
vehicle_LEAD_17;292;1194.949793100414;1195.949793100414;pickupShipment;6068627214;1000;0;68.74238333333334;8.291205999999999;3781.1017728000015;42.579974918918936;8880.0;1194.949793100414;1.0;D
vehicle_LEAD_17;108;1195.949793100414;1196.949793100414;pickupShipment;6068627214;1000;0;68.74238333333334;8.291205999999999;3781.1017728000015;42.579974918918936;8880.0;1195.949793100414;1.0;D
vehicle_LEAD_17;206;1196.949793100414;1197.949793100414;pickupShipment;6068627214;1000;0;68.74238333333334;8.291205999999999;3781.1017728000015;42.579974918918936;8880.0;1196.949793100414;1.0;D
vehicle_LEAD_17;387;1206.8534552930896;1211.8534552930896;deliverShipment;25312123;1000;0;68.74238333333334;8.736389999999998;3122.1404160000016;35.15923891891894;8880.0;1206.8534552930896;5.0;1
vehicle_LEAD_17;293;1218.2736224527553;1223.2736224527553;deliverShipment;25312126;1000;0;68.74238333333334;9.057398999999998;2646.9828942000017;29.808365925675695;8880.0;1218.2736224527553;5.0;2
vehicle_LEAD_17;109;1223.2736224527553;1228.2736224527553;deliverShipment;25312126;1000;0;68.74238333333334;9.057398999999998;2646.9828942000017;29.808365925675695;8880.0;1223.2736224527553;5.0;3
vehicle_LEAD_17;207;1229.3163203673594;1234.3163203673594;deliverShipment;1384090139;1000;0;68.74238333333334;9.109533999999998;2569.8126672000017;28.939331837837855;8880.0;1229.3163203673594;5.0;4
vehicle_LEAD_17;-2;1249.0683508632983;0.0;end;6068627214;1000;0;68.74238333333334;9.847136999999998;1478.0127066000018;16.64428723648651;8880.0;1249.0683508632983;-1249.0683508632983;end
