vehicle_id;activity_index;arrival_time;end_time;name;location_id;iterations;unassigned_jobs;runtime;distance;SoC;SoC %;Maximum Range;TimeStamp;Duration;Activity_counter;x;y
vehicle_LEAD_1;-1;0.0;0.0;start;6068627214;1000;0;25.070766666666668;0.0;8880.0;100.0;8880.0;0.0;0.0;start;841799.1;6517403.4
vehicle_LEAD_1;44;0.0;1.0;pickupShipment;6068627214;1000;0;25.070766666666668;0.0;8880.0;100.0;8880.0;0.0;1.0;D;841799.1;6517403.4
vehicle_LEAD_1;132;1.0;2.0;pickupShipment;6068627214;1000;0;25.070766666666668;0.0;8880.0;100.0;8880.0;1.0;1.0;D;841799.1;6517403.4
vehicle_LEAD_1;134;2.0;3.0;pickupShipment;6068627214;1000;0;25.070766666666668;0.0;8880.0;100.0;8880.0;2.0;1.0;D;841799.1;6517403.4
vehicle_LEAD_1;214;3.0;4.0;pickupShipment;6068627214;1000;0;25.070766666666668;0.0;8880.0;100.0;8880.0;3.0;1.0;D;841799.1;6517403.4
vehicle_LEAD_1;133;13.436801126397746;425.0;deliverShipment;5947881168;1000;0;25.070766666666668;0.47184099999999995;8181.580951800001;92.13492062837838;8880.0;13.436801126397746;411.56319887360223;1;5.947881168E9;5.947881168E9
vehicle_LEAD_1;45;427.22909554180893;432.22909554180893;deliverShipment;3246517575;1000;0;25.070766666666668;0.5832959999999999;8016.605260800001;90.27708627027027;8880.0;427.22909554180893;5.0;2;3.246517575E9;3.246517575E9
vehicle_LEAD_1;215;432.22909554180893;437.22909554180893;deliverShipment;3246517575;1000;0;25.070766666666668;0.5832959999999999;8016.605260800001;90.27708627027027;8880.0;432.22909554180893;5.0;3;3.246517575E9;3.246517575E9
vehicle_LEAD_1;130;448.0201939596121;449.0201939596121;pickupShipment;6068627214;1000;0;25.070766666666668;1.122852;7217.954469600001;81.28327105405407;8880.0;448.0201939596121;1.0;D;841799.1;6517403.4
vehicle_LEAD_1;52;449.0201939596121;450.0201939596121;pickupShipment;6068627214;1000;0;25.070766666666668;1.122852;7217.954469600001;81.28327105405407;8880.0;449.0201939596121;1.0;D;841799.1;6517403.4
vehicle_LEAD_1;188;450.0201939596121;451.0201939596121;pickupShipment;6068627214;1000;0;25.070766666666668;1.122852;7217.954469600001;81.28327105405407;8880.0;450.0201939596121;1.0;D;841799.1;6517403.4
vehicle_LEAD_1;131;452.53945092109814;457.53945092109814;deliverShipment;917183790;1000;0;25.070766666666668;1.198815;7105.514037000001;80.01704996621622;8880.0;452.53945092109814;5.0;1;9.1718379E8;9.1718379E8
vehicle_LEAD_1;53;459.6609466781066;464.6609466781066;deliverShipment;25312137;1000;0;25.070766666666668;1.3048899999999999;6948.501822000001;78.2488943918919;8880.0;459.6609466781066;5.0;2;2.5312137E7;2.5312137E7
vehicle_LEAD_1;189;464.6609466781066;469.6609466781066;deliverShipment;25312137;1000;0;25.070766666666668;1.3048899999999999;6948.501822000001;78.2488943918919;8880.0;464.6609466781066;5.0;3;2.5312137E7;2.5312137E7
vehicle_LEAD_1;230;473.3016993966012;474.3016993966012;pickupShipment;6068627214;1000;0;25.070766666666668;1.4869279999999998;6679.049174400001;75.21451772972975;8880.0;473.3016993966012;1.0;D;841799.1;6517403.4
vehicle_LEAD_1;82;474.3016993966012;475.3016993966012;pickupShipment;6068627214;1000;0;25.070766666666668;1.4869279999999998;6679.049174400001;75.21451772972975;8880.0;474.3016993966012;1.0;D;841799.1;6517403.4
vehicle_LEAD_1;122;475.3016993966012;476.3016993966012;pickupShipment;6068627214;1000;0;25.070766666666668;1.4869279999999998;6679.049174400001;75.21451772972975;8880.0;475.3016993966012;1.0;D;841799.1;6517403.4
vehicle_LEAD_1;231;482.2002675994648;487.2002675994648;deliverShipment;25312133;1000;0;25.070766666666668;1.7818569999999998;6242.495268600001;70.2983701418919;8880.0;482.2002675994648;5.0;1;2.5312133E7;2.5312133E7
vehicle_LEAD_1;184;493.0988358023284;494.0988358023284;pickupShipment;6068627214;1000;0;25.070766666666668;2.076786;5805.9413628;65.38222255405405;8880.0;493.0988358023284;1.0;D;841799.1;6517403.4
vehicle_LEAD_1;185;499.0341459317081;504.0341459317081;deliverShipment;35678668;1000;0;25.070766666666668;2.323552;5440.6783296;61.26890010810811;8880.0;499.0341459317081;5.0;1;3.5678668E7;3.5678668E7
vehicle_LEAD_1;20;508.96945606108784;509.96945606108784;pickupShipment;6068627214;1000;0;25.070766666666668;2.570318;5075.4152964;57.15557766216217;8880.0;508.96945606108784;1.0;D;841799.1;6517403.4
vehicle_LEAD_1;21;509.96945606108784;641.4666666666667;deliverShipment;6068627214;1000;0;25.070766666666668;2.570318;5075.4152964;57.15557766216217;8880.0;509.96945606108784;131.49721060557886;1;6.068627214E9;6.068627214E9
vehicle_LEAD_1;60;641.4666666666667;642.4666666666667;pickupShipment;6068627214;1000;0;25.070766666666668;2.570318;5075.4152964;57.15557766216217;8880.0;641.4666666666667;1.0;D;841799.1;6517403.4
vehicle_LEAD_1;61;647.4019767960465;942.9833333333333;deliverShipment;35678668;1000;0;25.070766666666668;2.817084;4710.152263200001;53.042255216216226;8880.0;647.4019767960465;295.58135653728687;1;3.5678668E7;3.5678668E7
vehicle_LEAD_1;123;946.6181860636278;1031.65;deliverShipment;5947847671;1000;0;25.070766666666668;2.998827;4441.1362746;50.01279588513514;8880.0;946.6181860636278;85.03181393637226;2;5.947847671E9;5.947847671E9
vehicle_LEAD_1;36;1038.2976867046266;1039.2976867046266;pickupShipment;6068627214;1000;0;25.070766666666668;3.331212;3949.1399976000002;44.472297270270275;8880.0;1038.2976867046266;1.0;D;841799.1;6517403.4
vehicle_LEAD_1;140;1039.2976867046266;1040.2976867046266;pickupShipment;6068627214;1000;0;25.070766666666668;3.331212;3949.1399976000002;44.472297270270275;8880.0;1039.2976867046266;1.0;D;841799.1;6517403.4
vehicle_LEAD_1;37;1057.919711460577;1098.3833333333334;deliverShipment;2244092199;1000;0;25.070766666666668;4.212315;2644.931337;29.785262804054053;8880.0;1057.919711460577;40.46362187275645;1;2.244092199E9;2.244092199E9
vehicle_LEAD_1;83;1104.6790007419986;1109.6790007419986;deliverShipment;6921021573;1000;0;25.070766666666668;4.527099000000001;2178.9880602;24.53815383108108;8880.0;1104.6790007419986;5.0;2;6.921021573E9;6.921021573E9
vehicle_LEAD_1;141;1117.9516441967116;1122.9516441967116;deliverShipment;2244092187;1000;0;25.070766666666668;4.940732000000001;1566.7284936;17.643338891891894;8880.0;1117.9516441967116;5.0;3;2.244092187E9;2.244092187E9
vehicle_LEAD_1;135;1133.1354238291524;1138.1354238291524;deliverShipment;5947870991;1000;0;25.070766666666668;5.449922000000001;813.0254556000002;9.15569206756757;8880.0;1133.1354238291524;5.0;4;5.947870991E9;5.947870991E9
vehicle_LEAD_1;-2;1148.7532025935948;0.0;end;6068627214;1000;0;25.070766666666668;5.980812000000001;27.20207760000028;0.3063297027027059;8880.0;1148.7532025935948;-1148.7532025935948;end;841799.1;6517403.4
vehicle_LEAD_2;-1;0.0;0.0;start;6068627214;1000;0;25.070766666666668;0.0;8880.0;100.0;8880.0;0.0;0.0;start;841799.1;6517403.4
vehicle_LEAD_2;94;0.0;1.0;pickupShipment;6068627214;1000;0;25.070766666666668;0.0;8880.0;100.0;8880.0;0.0;1.0;D;841799.1;6517403.4
vehicle_LEAD_2;164;1.0;2.0;pickupShipment;6068627214;1000;0;25.070766666666668;0.0;8880.0;100.0;8880.0;1.0;1.0;D;841799.1;6517403.4
vehicle_LEAD_2;38;2.0;3.0;pickupShipment;6068627214;1000;0;25.070766666666668;0.0;8880.0;100.0;8880.0;2.0;1.0;D;841799.1;6517403.4
vehicle_LEAD_2;39;19.871286257427485;425.0;deliverShipment;5324491691;1000;0;25.070766666666668;0.8435659999999999;7631.3536068;85.93866674324325;8880.0;19.871286257427485;405.12871374257253;1;5.324491691E9;5.324491691E9
vehicle_LEAD_2;165;437.0676358647283;442.0676358647283;deliverShipment;2244451870;1000;0;25.070766666666668;1.446949;6738.2260902;75.88092443918919;8880.0;437.0676358647283;5.0;2;2.24445187E9;2.24445187E9
vehicle_LEAD_2;2;452.43485513028975;453.43485513028975;pickupShipment;6068627214;1000;0;25.070766666666668;1.965311;5970.9466578;67.24039029054055;8880.0;452.43485513028975;1.0;D;841799.1;6517403.4
vehicle_LEAD_2;3;460.7318005363989;1032.0;deliverShipment;4574272245;1000;0;25.070766666666668;2.330159;5430.8986482;61.158768560810806;8880.0;460.7318005363989;571.2681994636011;1;4.574272245E9;4.574272245E9
vehicle_LEAD_2;106;1039.2969454061092;1040.2969454061092;pickupShipment;6068627214;1000;0;25.070766666666668;2.695007;4890.8506386;55.07714683108108;8880.0;1039.2969454061092;1.0;D;841799.1;6517403.4
vehicle_LEAD_2;56;1040.2969454061092;1041.2969454061092;pickupShipment;6068627214;1000;0;25.070766666666668;2.695007;4890.8506386;55.07714683108108;8880.0;1040.2969454061092;1.0;D;841799.1;6517403.4
vehicle_LEAD_2;32;1041.2969454061092;1042.2969454061092;pickupShipment;6068627214;1000;0;25.070766666666668;2.695007;4890.8506386;55.07714683108108;8880.0;1041.2969454061092;1.0;D;841799.1;6517403.4
vehicle_LEAD_2;1;1042.2969454061092;1067.0858487948574;recharge;6068627214;1000;0;25.070766666666668;2.695007;4890.8506386;55.07714683108108;8880.0;1042.2969454061092;24.788903388748167;r1;841799.1;6517403.4
vehicle_LEAD_2;1;1042.2969454061092;1067.0858487948574;recharge;6068627214;1000;0;25.070766666666668;2.695007;8880.0;100.0;8880.0;1042.2969454061092;24.788903388748167;r2;841799.1;6517403.4
vehicle_LEAD_2;238;1067.0858487948574;1068.0858487948574;pickupShipment;6068627214;1000;0;25.070766666666668;2.695007;8880.0;100.0;8880.0;1067.0858487948574;1.0;D;841799.1;6517403.4
vehicle_LEAD_2;107;1079.9510450644648;1084.9510450644648;deliverShipment;2175345501;1000;0;25.070766666666668;3.288268;8001.8550678;90.11098049324325;8880.0;1079.9510450644648;5.0;1;2.175345501E9;2.175345501E9
vehicle_LEAD_2;33;1100.4415140835267;1108.95;deliverShipment;6970402888;1000;0;25.070766666666668;4.062793;6855.4031628;77.20048606756758;8880.0;1100.4415140835267;8.508485916473319;2;6.970402888E9;6.970402888E9
vehicle_LEAD_2;57;1112.5156928686142;1117.5156928686142;deliverShipment;6297154746;1000;0;25.070766666666668;4.241078;6591.5057058;74.22866785810811;8880.0;1112.5156928686142;5.0;3;6.297154746E9;6.297154746E9
vehicle_LEAD_2;239;1123.1389816220367;1128.1389816220367;deliverShipment;6297154742;1000;0;25.070766666666668;4.522243;6175.325272800001;69.54195127027027;8880.0;1123.1389816220367;5.0;4;6.297154742E9;6.297154742E9
vehicle_LEAD_2;124;1136.3638051723897;1137.3638051723897;pickupShipment;6068627214;1000;0;25.070766666666668;4.933484999999999;5566.604864400001;62.686991716216234;8880.0;1136.3638051723897;1.0;D;841799.1;6517403.4
vehicle_LEAD_2;26;1137.3638051723897;1138.3638051723897;pickupShipment;6068627214;1000;0;25.070766666666668;4.933484999999999;5566.604864400001;62.686991716216234;8880.0;1137.3638051723897;1.0;D;841799.1;6517403.4
vehicle_LEAD_2;128;1138.3638051723897;1139.3638051723897;pickupShipment;6068627214;1000;0;25.070766666666668;4.933484999999999;5566.604864400001;62.686991716216234;8880.0;1138.3638051723897;1.0;D;841799.1;6517403.4
vehicle_LEAD_2;95;1148.212627474745;1153.212627474745;deliverShipment;4574272246;1000;0;25.070766666666668;5.375926999999999;4911.7022160000015;55.31196189189191;8880.0;1148.212627474745;5.0;1;4.574272246E9;4.574272246E9
vehicle_LEAD_2;125;1156.417221065558;1161.417221065558;deliverShipment;4574272247;1000;0;25.070766666666668;5.536156999999999;4674.529770000002;52.641101013513534;8880.0;1156.417221065558;5.0;2;4.574272247E9;4.574272247E9
vehicle_LEAD_2;129;1161.417221065558;1295.8166666666666;deliverShipment;4574272247;1000;0;25.070766666666668;5.536156999999999;4674.529770000002;52.641101013513534;8880.0;1161.417221065558;134.3994456011087;3;4.574272247E9;4.574272247E9
vehicle_LEAD_2;27;1296.7352648294702;1301.7352648294702;deliverShipment;2170533263;1000;0;25.070766666666668;5.582087;4606.544184000002;51.8754975675676;8880.0;1296.7352648294702;5.0;4;2.170533263E9;2.170533263E9
vehicle_LEAD_2;246;1313.6257810484378;1314.6257810484378;pickupShipment;6068627214;1000;0;25.070766666666668;6.176614;3726.5253186000023;41.96537520945948;8880.0;1313.6257810484378;1.0;D;841799.1;6517403.4
vehicle_LEAD_2;70;1314.6257810484378;1315.6257810484378;pickupShipment;6068627214;1000;0;25.070766666666668;6.176614;3726.5253186000023;41.96537520945948;8880.0;1314.6257810484378;1.0;D;841799.1;6517403.4
vehicle_LEAD_2;247;1323.6004050991896;1328.6004050991896;deliverShipment;6297154743;1000;0;25.070766666666668;6.575346;3136.3222122000025;35.31894383108111;8880.0;1323.6004050991896;5.0;1;6.297154743E9;6.297154743E9
vehicle_LEAD_2;71;1338.4956453087093;1343.4956453087093;deliverShipment;6970402910;1000;0;25.070766666666668;7.0701089999999995;2403.9740196000025;27.071779500000027;8880.0;1338.4956453087093;5.0;2;6.97040291E9;6.97040291E9
vehicle_LEAD_2;-2;1355.410101479797;0.0;end;6068627214;1000;0;25.070766666666668;7.665832999999999;1522.1833548000027;17.141704445945976;8880.0;1355.410101479797;-1355.410101479797;end;841799.1;6517403.4
vehicle_LEAD_6;-1;0.0;0.0;start;6068627214;1000;0;25.070766666666668;0.0;8880.0;100.0;8880.0;0.0;0.0;start;841799.1;6517403.4
vehicle_LEAD_6;112;0.0;1.0;pickupShipment;6068627214;1000;0;25.070766666666668;0.0;8880.0;100.0;8880.0;0.0;1.0;D;841799.1;6517403.4
vehicle_LEAD_6;174;1.0;2.0;pickupShipment;6068627214;1000;0;25.070766666666668;0.0;8880.0;100.0;8880.0;1.0;1.0;D;841799.1;6517403.4
vehicle_LEAD_6;142;2.0;3.0;pickupShipment;6068627214;1000;0;25.070766666666668;0.0;8880.0;100.0;8880.0;2.0;1.0;D;841799.1;6517403.4
vehicle_LEAD_6;220;3.0;4.0;pickupShipment;6068627214;1000;0;25.070766666666668;0.0;8880.0;100.0;8880.0;3.0;1.0;D;841799.1;6517403.4
vehicle_LEAD_6;175;12.903662192675615;425.0;deliverShipment;25312123;1000;0;25.070766666666668;0.44518399999999997;8221.0386432;92.579264;8880.0;12.903662192675615;412.0963378073244;1;2.5312123E7;2.5312123E7
vehicle_LEAD_6;221;434.81324037351925;439.81324037351925;deliverShipment;16564347;1000;0;25.070766666666668;0.935847;7494.7592706;84.40044223648648;8880.0;434.81324037351925;5.0;2;1.6564347E7;1.6564347E7
vehicle_LEAD_6;143;441.09689780620437;446.09689780620437;deliverShipment;7362966881;1000;0;25.070766666666668;1.00003;7399.755593999999;83.33058101351351;8880.0;441.09689780620437;5.0;3;7.362966881E9;7.362966881E9
vehicle_LEAD_6;113;457.2733154533691;462.2733154533691;deliverShipment;5947847660;1000;0;25.070766666666668;1.558852;6572.587269599999;74.0156224054054;8880.0;457.2733154533691;5.0;4;5.94784766E9;5.94784766E9
vehicle_LEAD_6;100;471.61209677580644;472.61209677580644;pickupShipment;6068627214;1000;0;25.070766666666668;2.025792;5881.422681599999;66.23223740540539;8880.0;471.61209677580644;1.0;D;841799.1;6517403.4
vehicle_LEAD_6;236;472.61209677580644;473.61209677580644;pickupShipment;6068627214;1000;0;25.070766666666668;2.025792;5881.422681599999;66.23223740540539;8880.0;472.61209677580644;1.0;D;841799.1;6517403.4
vehicle_LEAD_6;248;473.61209677580644;474.61209677580644;pickupShipment;6068627214;1000;0;25.070766666666668;2.025792;5881.422681599999;66.23223740540539;8880.0;473.61209677580644;1.0;D;841799.1;6517403.4
vehicle_LEAD_6;88;474.61209677580644;475.61209677580644;pickupShipment;6068627214;1000;0;25.070766666666668;2.025792;5881.422681599999;66.23223740540539;8880.0;474.61209677580644;1.0;D;841799.1;6517403.4
vehicle_LEAD_6;237;481.84348431303135;486.84348431303135;deliverShipment;25312138;1000;0;25.070766666666668;2.337362;5420.236767599999;61.03870233783783;8880.0;481.84348431303135;5.0;1;2.5312138E7;2.5312138E7
vehicle_LEAD_6;101;488.72332055335886;493.72332055335886;deliverShipment;5947847671;1000;0;25.070766666666668;2.4313540000000002;5281.109809199999;59.47195731081081;8880.0;488.72332055335886;5.0;2;5.947847671E9;5.947847671E9
vehicle_LEAD_6;249;493.72332055335886;498.72332055335886;deliverShipment;5947847671;1000;0;25.070766666666668;2.4313540000000002;5281.109809199999;59.47195731081081;8880.0;493.72332055335886;5.0;3;5.947847671E9;5.947847671E9
vehicle_LEAD_6;89;510.6523566952866;515.6523566952866;deliverShipment;6842687749;1000;0;25.070766666666668;3.027807;4398.240078599999;49.52973061486485;8880.0;510.6523566952866;5.0;4;6.842687749E9;6.842687749E9
vehicle_LEAD_6;148;534.0595398809202;535.0595398809202;pickupShipment;6068627214;1000;0;25.070766666666668;3.948168;3035.921726399999;34.188307729729715;8880.0;534.0595398809202;1.0;D;841799.1;6517403.4
vehicle_LEAD_6;6;535.0595398809202;536.0595398809202;pickupShipment;6068627214;1000;0;25.070766666666668;3.948168;3035.921726399999;34.188307729729715;8880.0;535.0595398809202;1.0;D;841799.1;6517403.4
vehicle_LEAD_6;50;536.0595398809202;537.0595398809202;pickupShipment;6068627214;1000;0;25.070766666666668;3.948168;3035.921726399999;34.188307729729715;8880.0;536.0595398809202;1.0;D;841799.1;6517403.4
vehicle_LEAD_6;198;537.0595398809202;538.0595398809202;pickupShipment;6068627214;1000;0;25.070766666666668;3.948168;3035.921726399999;34.188307729729715;8880.0;537.0595398809202;1.0;D;841799.1;6517403.4
vehicle_LEAD_6;51;543.9581080837837;548.9581080837837;deliverShipment;25312133;1000;0;25.070766666666668;4.243097;2599.367820599999;29.272160141891877;8880.0;543.9581080837837;5.0;1;2.5312133E7;2.5312133E7
vehicle_LEAD_6;28;554.8566762866473;555.8566762866473;pickupShipment;6068627214;1000;0;25.070766666666668;4.5380259999999994;2162.813914799999;24.356012554054043;8880.0;554.8566762866473;1.0;D;841799.1;6517403.4
vehicle_LEAD_6;199;563.8313003373992;708.3666666666667;deliverShipment;6297154743;1000;0;25.070766666666668;4.936757999999999;1572.610808399999;17.709581175675666;8880.0;563.8313003373992;144.5353663292675;1;6.297154743E9;6.297154743E9
vehicle_LEAD_6;7;713.5964162071676;744.8;deliverShipment;6921021577;1000;0;25.070766666666668;5.198245999999999;1185.556270799999;13.350858905405394;8880.0;713.5964162071676;31.20358379283232;2;6.921021577E9;6.921021577E9
vehicle_LEAD_6;29;745.9979176041647;750.9979176041647;deliverShipment;6921021579;1000;0;25.070766666666668;5.258141999999999;1096.898211599999;12.352457337837826;8880.0;745.9979176041647;5.0;3;6.921021579E9;6.921021579E9
vehicle_LEAD_6;149;750.9979176041647;755.9979176041647;deliverShipment;6921021579;1000;0;25.070766666666668;5.258141999999999;1096.898211599999;12.352457337837826;8880.0;750.9979176041647;5.0;4;6.921021579E9;6.921021579E9
vehicle_LEAD_6;244;767.570094459811;768.570094459811;pickupShipment;6068627214;1000;0;25.070766666666668;5.836751999999999;240.43968959999927;2.7076541621621537;8880.0;767.570094459811;1.0;D;841799.1;6517403.4
vehicle_LEAD_6;98;768.570094459811;769.570094459811;pickupShipment;6068627214;1000;0;25.070766666666668;5.836751999999999;240.43968959999927;2.7076541621621537;8880.0;768.570094459811;1.0;D;841799.1;6517403.4
vehicle_LEAD_6;208;769.570094459811;770.570094459811;pickupShipment;6068627214;1000;0;25.070766666666668;5.836751999999999;240.43968959999927;2.7076541621621537;8880.0;769.570094459811;1.0;D;841799.1;6517403.4
vehicle_LEAD_6;216;770.570094459811;771.570094459811;pickupShipment;6068627214;1000;0;25.070766666666668;5.836751999999999;240.43968959999927;2.7076541621621537;8880.0;770.570094459811;1.0;D;841799.1;6517403.4
vehicle_LEAD_6;1;771.570094459811;772.7887446858626;recharge;6068627214;1000;0;25.070766666666668;5.836751999999999;240.43968959999927;2.7076541621621537;8880.0;771.570094459811;1.2186502260516363;r1;841799.1;6517403.4
vehicle_LEAD_6;1;771.570094459811;772.7887446858626;recharge;6068627214;1000;0;25.070766666666668;5.836751999999999;8880.0;100.0;8880.0;771.570094459811;1.2186502260516363;r2;841799.1;6517403.4
vehicle_LEAD_6;245;777.7240548152424;782.7240548152424;deliverShipment;35678668;1000;0;25.070766666666668;6.083517999999999;8514.7369668;95.88667755405405;8880.0;777.7240548152424;5.0;1;3.5678668E7;3.5678668E7
vehicle_LEAD_6;99;782.7240548152424;787.7240548152424;deliverShipment;35678668;1000;0;25.070766666666668;6.083517999999999;8514.7369668;95.88667755405405;8880.0;782.7240548152424;5.0;2;3.5678668E7;3.5678668E7
vehicle_LEAD_6;22;792.6593649446222;793.6593649446222;pickupShipment;6068627214;1000;0;25.070766666666668;6.330283999999999;8149.473933599999;91.7733551081081;8880.0;792.6593649446222;1.0;D;841799.1;6517403.4
vehicle_LEAD_6;226;793.6593649446222;794.6593649446222;pickupShipment;6068627214;1000;0;25.070766666666668;6.330283999999999;8149.473933599999;91.7733551081081;8880.0;793.6593649446222;1.0;D;841799.1;6517403.4
vehicle_LEAD_6;209;815.2102438428644;833.65;deliverShipment;27503216;1000;0;25.070766666666668;7.357829999999999;6628.5003443999985;74.64527414864864;8880.0;815.2102438428644;18.439756157135548;1;2.7503216E7;2.7503216E7
vehicle_LEAD_6;227;837.4536923926152;842.4536923926152;deliverShipment;27503215;1000;0;25.070766666666668;7.548014999999999;6346.9885073999985;71.47509580405404;8880.0;837.4536923926152;5.0;2;2.7503215E7;2.7503215E7
vehicle_LEAD_6;217;842.4536923926152;1132.3166666666666;deliverShipment;27503215;1000;0;25.070766666666668;7.548014999999999;6346.9885073999985;71.47509580405404;8880.0;842.4536923926152;289.86297427405145;3;2.7503215E7;2.7503215E7
vehicle_LEAD_6;23;1135.2565607868783;1251.05;deliverShipment;6970402896;1000;0;25.070766666666668;7.695009999999998;6129.4065083999985;69.02484806756755;8880.0;1135.2565607868783;115.7934392131217;4;6.970402896E9;6.970402896E9
vehicle_LEAD_6;30;1272.4794171411656;1273.4794171411656;pickupShipment;6068627214;1000;0;25.070766666666668;8.766482999999997;4543.4121737999985;51.16455150675674;8880.0;1272.4794171411656;1.0;D;841799.1;6517403.4
vehicle_LEAD_6;62;1273.4794171411656;1274.4794171411656;pickupShipment;6068627214;1000;0;25.070766666666668;8.766482999999997;4543.4121737999985;51.16455150675674;8880.0;1273.4794171411656;1.0;D;841799.1;6517403.4
vehicle_LEAD_6;182;1274.4794171411656;1275.4794171411656;pickupShipment;6068627214;1000;0;25.070766666666668;8.766482999999997;4543.4121737999985;51.16455150675674;8880.0;1274.4794171411656;1.0;D;841799.1;6517403.4
vehicle_LEAD_6;63;1277.4794731410536;1282.4794731410536;deliverShipment;5947871000;1000;0;25.070766666666668;8.866485999999997;4395.387733199998;49.49760960810809;8880.0;1277.4794731410536;5.0;1;5.947871E9;5.947871E9
vehicle_LEAD_6;183;1282.7442526114946;1287.7442526114946;deliverShipment;5947870999;1000;0;25.070766666666668;8.879724999999997;4375.7913653999985;49.27692979054052;8880.0;1282.7442526114946;5.0;2;5.947870999E9;5.947870999E9
vehicle_LEAD_6;31;1290.6551667896663;1295.6551667896663;deliverShipment;5947870990;1000;0;25.070766666666668;9.025270999999996;4160.354176199999;46.85083531756755;8880.0;1290.6551667896663;5.0;3;5.94787099E9;5.94787099E9
vehicle_LEAD_6;84;1296.301245497509;1297.301245497509;pickupShipment;6068627214;1000;0;25.070766666666668;9.057574999999996;4112.537795399999;46.3123625608108;8880.0;1296.301245497509;1.0;D;841799.1;6517403.4
vehicle_LEAD_6;218;1297.301245497509;1298.301245497509;pickupShipment;6068627214;1000;0;25.070766666666668;9.057574999999996;4112.537795399999;46.3123625608108;8880.0;1297.301245497509;1.0;D;841799.1;6517403.4
vehicle_LEAD_6;240;1298.301245497509;1299.301245497509;pickupShipment;6068627214;1000;0;25.070766666666668;9.057574999999996;4112.537795399999;46.3123625608108;8880.0;1298.301245497509;1.0;D;841799.1;6517403.4
vehicle_LEAD_6;194;1299.301245497509;1300.301245497509;pickupShipment;6068627214;1000;0;25.070766666666668;9.057574999999996;4112.537795399999;46.3123625608108;8880.0;1299.301245497509;1.0;D;841799.1;6517403.4
vehicle_LEAD_6;85;1308.2758695482607;1313.2758695482607;deliverShipment;6297154743;1000;0;25.070766666666668;9.456306999999997;3522.3346889999984;39.66593118243241;8880.0;1308.2758695482607;5.0;1;6.297154743E9;6.297154743E9
vehicle_LEAD_6;241;1315.8798243403512;1320.8798243403512;deliverShipment;7363009585;1000;0;25.070766666666668;9.586504999999997;3329.6156093999984;37.49567127702701;8880.0;1315.8798243403512;5.0;2;7.363009585E9;7.363009585E9
vehicle_LEAD_6;195;1321.829622440755;1326.829622440755;deliverShipment;6929508856;1000;0;25.070766666666668;9.633994999999997;3259.3209113999983;36.70406431756755;8880.0;1321.829622440755;5.0;3;6.929508856E9;6.929508856E9
vehicle_LEAD_6;219;1332.7759705480587;1337.7759705480587;deliverShipment;2244451870;1000;0;25.070766666666668;9.931312999999998;2819.2308077999983;31.748094682432416;8880.0;1332.7759705480587;5.0;4;2.24445187E9;2.24445187E9
vehicle_LEAD_6;-2;1348.1431898136202;0.0;end;6068627214;1000;0;25.070766666666668;10.449674999999997;2051.951375399998;23.107560533783765;8880.0;1348.1431898136202;-1348.1431898136202;end;841799.1;6517403.4
vehicle_LEAD_7;-1;0.0;0.0;start;6068627214;1000;0;25.070766666666668;0.0;8880.0;100.0;8880.0;0.0;0.0;start;841799.1;6517403.4
vehicle_LEAD_7;228;0.0;1.0;pickupShipment;6068627214;1000;0;25.070766666666668;0.0;8880.0;100.0;8880.0;0.0;1.0;D;841799.1;6517403.4
vehicle_LEAD_7;212;1.0;2.0;pickupShipment;6068627214;1000;0;25.070766666666668;0.0;8880.0;100.0;8880.0;1.0;1.0;D;841799.1;6517403.4
vehicle_LEAD_7;210;2.0;3.0;pickupShipment;6068627214;1000;0;25.070766666666668;0.0;8880.0;100.0;8880.0;2.0;1.0;D;841799.1;6517403.4
vehicle_LEAD_7;156;3.0;4.0;pickupShipment;6068627214;1000;0;25.070766666666668;0.0;8880.0;100.0;8880.0;3.0;1.0;D;841799.1;6517403.4
vehicle_LEAD_7;157;20.351027297945407;425.0;deliverShipment;5947847646;1000;0;25.070766666666668;0.8175530000000001;7669.8580494;86.37227533108108;8880.0;20.351027297945407;404.6489727020546;1;5.947847646E9;5.947847646E9
vehicle_LEAD_7;211;427.74655450689096;432.74655450689096;deliverShipment;5947847653;1000;0;25.070766666666668;0.9548810000000001;7466.5851438;84.08316603378378;8880.0;427.74655450689096;5.0;2;5.947847653E9;5.947847653E9
vehicle_LEAD_7;213;435.8917482165035;440.8917482165035;deliverShipment;277645033;1000;0;25.070766666666668;1.112141;7233.8088918;81.4618118445946;8880.0;435.8917482165035;5.0;3;2.77645033E8;2.77645033E8
vehicle_LEAD_7;229;448.7377525244949;453.7377525244949;deliverShipment;25312123;1000;0;25.070766666666668;1.504442;6653.1249516;74.92257828378378;8880.0;448.7377525244949;5.0;4;2.5312123E7;2.5312123E7
vehicle_LEAD_7;80;462.6414147171705;463.6414147171705;pickupShipment;6068627214;1000;0;25.070766666666668;1.949626;5994.1635948;67.50184228378379;8880.0;462.6414147171705;1.0;D;841799.1;6517403.4
vehicle_LEAD_7;120;463.6414147171705;464.6414147171705;pickupShipment;6068627214;1000;0;25.070766666666668;1.949626;5994.1635948;67.50184228378379;8880.0;463.6414147171705;1.0;D;841799.1;6517403.4
vehicle_LEAD_7;4;464.6414147171705;465.6414147171705;pickupShipment;6068627214;1000;0;25.070766666666668;1.949626;5994.1635948;67.50184228378379;8880.0;464.6414147171705;1.0;D;841799.1;6517403.4
vehicle_LEAD_7;24;465.6414147171705;466.6414147171705;pickupShipment;6068627214;1000;0;25.070766666666668;1.949626;5994.1635948;67.50184228378379;8880.0;465.6414147171705;1.0;D;841799.1;6517403.4
vehicle_LEAD_7;81;473.10736178527634;478.10736178527634;deliverShipment;5947847663;1000;0;25.070766666666668;2.272924;5515.6178952;62.11281413513513;8880.0;473.10736178527634;5.0;1;5.947847663E9;5.947847663E9
vehicle_LEAD_7;5;478.3024613950771;483.3024613950771;deliverShipment;5947847669;1000;0;25.070766666666668;2.2826790000000003;5501.1785442;61.95020883108108;8880.0;478.3024613950771;5.0;2;5.947847669E9;5.947847669E9
vehicle_LEAD_7;25;488.534090931818;530.2666666666667;deliverShipment;5324491691;1000;0;25.070766666666668;2.5442610000000005;5113.9848678;57.58991968243243;8880.0;488.534090931818;41.73257573484864;3;5.324491691E9;5.324491691E9
vehicle_LEAD_7;121;535.4849362301276;1159.0166666666667;deliverShipment;5947847671;1000;0;25.070766666666668;2.8051750000000006;4727.779965;53.24076537162162;8880.0;535.4849362301276;623.5317304365391;4;5.947847671E9;5.947847671E9
vehicle_LEAD_7;58;1165.6643533712931;1166.6643533712931;pickupShipment;6068627214;1000;0;25.070766666666668;3.1375600000000006;4235.7836879999995;47.700266756756754;8880.0;1165.6643533712931;1.0;D;841799.1;6517403.4
vehicle_LEAD_7;152;1166.6643533712931;1167.6643533712931;pickupShipment;6068627214;1000;0;25.070766666666668;3.1375600000000006;4235.7836879999995;47.700266756756754;8880.0;1166.6643533712931;1.0;D;841799.1;6517403.4
vehicle_LEAD_7;116;1167.6643533712931;1168.6643533712931;pickupShipment;6068627214;1000;0;25.070766666666668;3.1375600000000006;4235.7836879999995;47.700266756756754;8880.0;1167.6643533712931;1.0;D;841799.1;6517403.4
vehicle_LEAD_7;144;1168.6643533712931;1169.6643533712931;pickupShipment;6068627214;1000;0;25.070766666666668;3.1375600000000006;4235.7836879999995;47.700266756756754;8880.0;1168.6643533712931;1.0;D;841799.1;6517403.4
vehicle_LEAD_7;153;1175.895740908518;1180.895740908518;deliverShipment;25312138;1000;0;25.070766666666668;3.4491300000000007;3774.5977739999994;42.50673168918918;8880.0;1175.895740908518;5.0;1;2.5312138E7;2.5312138E7
vehicle_LEAD_7;74;1187.127128445743;1188.127128445743;pickupShipment;6068627214;1000;0;25.070766666666668;3.760700000000001;3313.4118599999993;37.313196621621614;8880.0;1187.127128445743;1.0;D;841799.1;6517403.4
vehicle_LEAD_7;117;1197.0307906384187;1202.0307906384187;deliverShipment;25312123;1000;0;25.070766666666668;4.205884000000001;2654.4505031999993;29.892460621621613;8880.0;1197.0307906384187;5.0;1;2.5312123E7;2.5312123E7
vehicle_LEAD_7;145;1202.0307906384187;1207.0307906384187;deliverShipment;25312123;1000;0;25.070766666666668;4.205884000000001;2654.4505031999993;29.892460621621613;8880.0;1202.0307906384187;5.0;2;2.5312123E7;2.5312123E7
vehicle_LEAD_7;59;1216.616231467537;1228.4833333333333;deliverShipment;34815656;1000;0;25.070766666666668;4.685157000000001;1945.0306085999994;21.90349784459459;8880.0;1216.616231467537;11.867101865796258;3;3.4815656E7;3.4815656E7
vehicle_LEAD_7;75;1241.4500273999452;1246.4500273999452;deliverShipment;5947881168;1000;0;25.070766666666668;5.333493000000002;985.3636613999992;11.09643762837837;8880.0;1241.4500273999452;5.0;4;5.947881168E9;5.947881168E9
vehicle_LEAD_7;-2;1255.886828526343;0.0;end;6068627214;1000;0;25.070766666666668;5.805334000000002;286.94461319999925;3.2313582567567485;8880.0;1255.886828526343;-1255.886828526343;end;841799.1;6517403.4
vehicle_LEAD_8;-1;0.0;0.0;start;6068627214;1000;0;25.070766666666668;0.0;8880.0;100.0;8880.0;0.0;0.0;start;841799.1;6517403.4
vehicle_LEAD_8;8;0.0;1.0;pickupShipment;6068627214;1000;0;25.070766666666668;0.0;8880.0;100.0;8880.0;0.0;1.0;D;841799.1;6517403.4
vehicle_LEAD_8;178;1.0;2.0;pickupShipment;6068627214;1000;0;25.070766666666668;0.0;8880.0;100.0;8880.0;1.0;1.0;D;841799.1;6517403.4
vehicle_LEAD_8;108;2.0;3.0;pickupShipment;6068627214;1000;0;25.070766666666668;0.0;8880.0;100.0;8880.0;2.0;1.0;D;841799.1;6517403.4
vehicle_LEAD_8;150;3.0;4.0;pickupShipment;6068627214;1000;0;25.070766666666668;0.0;8880.0;100.0;8880.0;3.0;1.0;D;841799.1;6517403.4
vehicle_LEAD_8;9;21.185685628628743;425.0;deliverShipment;6970402907;1000;0;25.070766666666668;0.859286;7608.0848628;85.67663133783783;8880.0;21.185685628628743;403.81431437137127;1;6.970402907E9;6.970402907E9
vehicle_LEAD_8;179;425.0;430.0;deliverShipment;6970402907;1000;0;25.070766666666668;0.859286;7608.0848628;85.67663133783783;8880.0;425.0;5.0;2;6.970402907E9;6.970402907E9
vehicle_LEAD_8;109;432.253175493649;437.253175493649;deliverShipment;6970402893;1000;0;25.070766666666668;0.9719450000000001;7441.327011;83.79872760135136;8880.0;432.253175493649;5.0;3;6.970402893E9;6.970402893E9
vehicle_LEAD_8;151;446.89687620624755;451.89687620624755;deliverShipment;35678579;1000;0;25.070766666666668;1.454131;6727.5952938;75.76120826351351;8880.0;446.89687620624755;5.0;4;3.5678579E7;3.5678579E7
vehicle_LEAD_8;48;463.99499201001595;464.99499201001595;pickupShipment;6068627214;1000;0;25.070766666666668;2.059038;5832.2119524;65.67806252702702;8880.0;463.99499201001595;1.0;D;841799.1;6517403.4
vehicle_LEAD_8;224;464.99499201001595;465.99499201001595;pickupShipment;6068627214;1000;0;25.070766666666668;2.059038;5832.2119524;65.67806252702702;8880.0;464.99499201001595;1.0;D;841799.1;6517403.4
vehicle_LEAD_8;86;465.99499201001595;466.99499201001595;pickupShipment;6068627214;1000;0;25.070766666666668;2.059038;5832.2119524;65.67806252702702;8880.0;465.99499201001595;1.0;D;841799.1;6517403.4
vehicle_LEAD_8;10;466.99499201001595;467.99499201001595;pickupShipment;6068627214;1000;0;25.070766666666668;2.059038;5832.2119524;65.67806252702702;8880.0;466.99499201001595;1.0;D;841799.1;6517403.4
vehicle_LEAD_8;225;471.78572442855113;476.78572442855113;deliverShipment;5947847668;1000;0;25.070766666666668;2.248575;5551.659285;62.51868564189189;8880.0;471.78572442855113;5.0;1;5.947847668E9;5.947847668E9
vehicle_LEAD_8;11;476.78572442855113;481.78572442855113;deliverShipment;5947847668;1000;0;25.070766666666668;2.248575;5551.659285;62.51868564189189;8880.0;476.78572442855113;5.0;2;5.947847668E9;5.947847668E9
vehicle_LEAD_8;87;481.78572442855113;1006.8333333333334;deliverShipment;5947847668;1000;0;25.070766666666668;2.248575;5551.659285;62.51868564189189;8880.0;481.78572442855113;525.0476089047822;3;5.947847668E9;5.947847668E9
vehicle_LEAD_8;190;1010.6240657518686;1011.6240657518686;pickupShipment;6068627214;1000;0;25.070766666666668;2.4381120000000003;5271.1066175999995;59.35930875675675;8880.0;1010.6240657518686;1.0;D;841799.1;6517403.4
vehicle_LEAD_8;146;1011.6240657518686;1012.6240657518686;pickupShipment;6068627214;1000;0;25.070766666666668;2.4381120000000003;5271.1066175999995;59.35930875675675;8880.0;1011.6240657518686;1.0;D;841799.1;6517403.4
vehicle_LEAD_8;46;1012.6240657518686;1013.6240657518686;pickupShipment;6068627214;1000;0;25.070766666666668;2.4381120000000003;5271.1066175999995;59.35930875675675;8880.0;1012.6240657518686;1.0;D;841799.1;6517403.4
vehicle_LEAD_8;191;1022.7705474589052;1027.7705474589052;deliverShipment;5947881169;1000;0;25.070766666666668;2.8954370000000003;4594.1741526;51.736195412162154;8880.0;1022.7705474589052;5.0;1;5.947881169E9;5.947881169E9
vehicle_LEAD_8;147;1027.7705474589052;1032.7705474589052;deliverShipment;5947881169;1000;0;25.070766666666668;2.8954370000000003;4594.1741526;51.736195412162154;8880.0;1027.7705474589052;5.0;2;5.947881169E9;5.947881169E9
vehicle_LEAD_8;47;1034.4151641696717;1039.4151641696717;deliverShipment;3246517575;1000;0;25.070766666666668;2.9776680000000004;4472.4558264;50.36549354054054;8880.0;1034.4151641696717;5.0;3;3.246517575E9;3.246517575E9
vehicle_LEAD_8;49;1047.6804476391048;1055.9166666666667;deliverShipment;829114775;1000;0;25.070766666666668;3.3909330000000004;3860.7409734;43.476812763513514;8880.0;1047.6804476391048;8.236219027561901;4;8.29114775E8;8.29114775E8
vehicle_LEAD_8;176;1071.3896557206886;1072.3896557206886;pickupShipment;6068627214;1000;0;25.070766666666668;4.1645840000000005;2715.5827631999996;30.58088697297297;8880.0;1071.3896557206886;1.0;D;841799.1;6517403.4
vehicle_LEAD_8;92;1072.3896557206886;1073.3896557206886;pickupShipment;6068627214;1000;0;25.070766666666668;4.1645840000000005;2715.5827631999996;30.58088697297297;8880.0;1072.3896557206886;1.0;D;841799.1;6517403.4
vehicle_LEAD_8;12;1073.3896557206886;1074.3896557206886;pickupShipment;6068627214;1000;0;25.070766666666668;4.1645840000000005;2715.5827631999996;30.58088697297297;8880.0;1073.3896557206886;1.0;D;841799.1;6517403.4
vehicle_LEAD_8;54;1074.3896557206886;1075.3896557206886;pickupShipment;6068627214;1000;0;25.070766666666668;4.1645840000000005;2715.5827631999996;30.58088697297297;8880.0;1074.3896557206886;1.0;D;841799.1;6517403.4
vehicle_LEAD_8;55;1089.9738065523868;1094.9738065523868;deliverShipment;6399726035;1000;0;25.070766666666668;4.8937930000000005;1636.2076013999997;18.42576127702702;8880.0;1089.9738065523868;5.0;1;6.399726035E9;6.399726035E9
vehicle_LEAD_8;13;1095.299325901348;1100.299325901348;deliverShipment;5273331647;1000;0;25.070766666666668;4.910069000000001;1612.1158661999998;18.154457952702703;8880.0;1095.299325901348;5.0;2;5.273331647E9;5.273331647E9
vehicle_LEAD_8;177;1103.766858966282;1108.766858966282;deliverShipment;3246517575;1000;0;25.070766666666668;5.083446000000001;1355.4832307999998;15.264450797297293;8880.0;1103.766858966282;5.0;3;3.246517575E9;3.246517575E9
vehicle_LEAD_8;93;1108.766858966282;1113.766858966282;deliverShipment;3246517575;1000;0;25.070766666666668;5.083446000000001;1355.4832307999998;15.264450797297293;8880.0;1108.766858966282;5.0;4;3.246517575E9;3.246517575E9
vehicle_LEAD_8;172;1124.557957384085;1125.557957384085;pickupShipment;6068627214;1000;0;25.070766666666668;5.623002000000001;556.8324395999998;6.270635581081079;8880.0;1124.557957384085;1.0;D;841799.1;6517403.4
vehicle_LEAD_8;42;1125.557957384085;1126.557957384085;pickupShipment;6068627214;1000;0;25.070766666666668;5.623002000000001;556.8324395999998;6.270635581081079;8880.0;1125.557957384085;1.0;D;841799.1;6517403.4
vehicle_LEAD_8;1;1126.557957384085;1129.3802201291433;recharge;6068627214;1000;0;25.070766666666668;5.623002000000001;556.8324395999998;6.270635581081079;8880.0;1126.557957384085;2.8222627450581967;r1;841799.1;6517403.4
vehicle_LEAD_8;1;1126.557957384085;1129.3802201291433;recharge;6068627214;1000;0;25.070766666666668;5.623002000000001;8880.0;100.0;8880.0;1126.557957384085;2.8222627450581967;r2;841799.1;6517403.4
vehicle_LEAD_8;18;1129.3802201291433;1130.3802201291433;pickupShipment;6068627214;1000;0;25.070766666666668;5.623002000000001;8880.0;100.0;8880.0;1129.3802201291433;1.0;D;841799.1;6517403.4
vehicle_LEAD_8;76;1130.3802201291433;1131.3802201291433;pickupShipment;6068627214;1000;0;25.070766666666668;5.623002000000001;8880.0;100.0;8880.0;1130.3802201291433;1.0;D;841799.1;6517403.4
vehicle_LEAD_8;19;1148.9830049235736;1153.9830049235736;deliverShipment;5947847652;1000;0;25.070766666666668;6.5031430000000015;7577.2152918;85.32900103378378;8880.0;1148.9830049235736;5.0;1;5.947847652E9;5.947847652E9
vehicle_LEAD_8;77;1153.9830049235736;1170.0666666666666;deliverShipment;5947847652;1000;0;25.070766666666668;6.5031430000000015;7577.2152918;85.32900103378378;8880.0;1153.9830049235736;16.08366174309299;2;5.947847652E9;5.947847652E9
vehicle_LEAD_8;173;1176.7404333191332;1181.7404333191332;deliverShipment;6970402888;1000;0;25.070766666666668;6.836832000000001;7083.288834;79.76676614864864;8880.0;1176.7404333191332;5.0;3;6.970402888E9;6.970402888E9
vehicle_LEAD_8;43;1182.6698914602168;1187.6698914602168;deliverShipment;6970402890;1000;0;25.070766666666668;6.883305000000001;7014.4994994;78.99211147972973;8880.0;1182.6698914602168;5.0;4;6.97040289E9;6.97040289E9
vehicle_LEAD_8;180;1205.3128161743673;1206.3128161743673;pickupShipment;6068627214;1000;0;25.070766666666668;7.765453000000001;5708.7440298;64.28765799324324;8880.0;1205.3128161743673;1.0;D;841799.1;6517403.4
vehicle_LEAD_8;158;1206.3128161743673;1207.3128161743673;pickupShipment;6068627214;1000;0;25.070766666666668;7.765453000000001;5708.7440298;64.28765799324324;8880.0;1206.3128161743673;1.0;D;841799.1;6517403.4
vehicle_LEAD_8;168;1207.3128161743673;1208.3128161743673;pickupShipment;6068627214;1000;0;25.070766666666668;7.765453000000001;5708.7440298;64.28765799324324;8880.0;1207.3128161743673;1.0;D;841799.1;6517403.4
vehicle_LEAD_8;159;1214.973862852274;1219.973862852274;deliverShipment;5947847669;1000;0;25.070766666666668;8.098506;5215.7589792;58.73602454054054;8880.0;1214.973862852274;5.0;1;5.947847669E9;5.947847669E9
vehicle_LEAD_8;169;1220.220842358315;1225.220842358315;deliverShipment;5947847670;1000;0;25.070766666666668;8.110855;5197.4799894;58.53018006081081;8880.0;1220.220842358315;5.0;2;5.94784767E9;5.94784767E9
vehicle_LEAD_8;234;1235.475041849916;1236.475041849916;pickupShipment;6068627214;1000;0;25.070766666666668;8.623566;4438.5651672;49.983841972972975;8880.0;1235.475041849916;1.0;D;841799.1;6517403.4
vehicle_LEAD_8;104;1236.475041849916;1237.475041849916;pickupShipment;6068627214;1000;0;25.070766666666668;8.623566;4438.5651672;49.983841972972975;8880.0;1236.475041849916;1.0;D;841799.1;6517403.4
vehicle_LEAD_8;114;1237.475041849916;1238.475041849916;pickupShipment;6068627214;1000;0;25.070766666666668;8.623566;4438.5651672;49.983841972972975;8880.0;1237.475041849916;1.0;D;841799.1;6517403.4
vehicle_LEAD_8;181;1252.733133333733;1257.733133333733;deliverShipment;34815653;1000;0;25.070766666666668;9.336472;3383.321706;38.10046966216216;8880.0;1252.733133333733;5.0;1;3.4815653E7;3.4815653E7
vehicle_LEAD_8;115;1259.1228105543785;1264.1228105543785;deliverShipment;1683287884;1000;0;25.070766666666668;9.405956;3280.4714892;36.9422465;8880.0;1259.1228105543785;5.0;2;1.683287884E9;1.683287884E9
vehicle_LEAD_8;105;1269.2049403901187;1274.2049403901187;deliverShipment;6970402893;1000;0;25.070766666666668;9.660063;2904.3423078;32.706557520270266;8880.0;1269.2049403901187;5.0;3;6.970402893E9;6.970402893E9
vehicle_LEAD_8;235;1274.2049403901187;1279.2049403901187;deliverShipment;6970402893;1000;0;25.070766666666668;9.660063;2904.3423078;32.706557520270266;8880.0;1274.2049403901187;5.0;4;6.970402893E9;6.970402893E9
vehicle_LEAD_8;-2;1298.6438015123965;0.0;end;6068627214;1000;0;25.070766666666668;10.632007999999999;1465.6693188;16.505285121621622;8880.0;1298.6438015123965;-1298.6438015123965;end;841799.1;6517403.4
vehicle_LEAD_9;-1;0.0;0.0;start;6068627214;1000;0;25.070766666666668;0.0;8880.0;100.0;8880.0;0.0;0.0;start;841799.1;6517403.4
vehicle_LEAD_9;192;0.0;1.0;pickupShipment;6068627214;1000;0;25.070766666666668;0.0;8880.0;100.0;8880.0;0.0;1.0;D;841799.1;6517403.4
vehicle_LEAD_9;222;1.0;2.0;pickupShipment;6068627214;1000;0;25.070766666666668;0.0;8880.0;100.0;8880.0;1.0;1.0;D;841799.1;6517403.4
vehicle_LEAD_9;170;2.0;3.0;pickupShipment;6068627214;1000;0;25.070766666666668;0.0;8880.0;100.0;8880.0;2.0;1.0;D;841799.1;6517403.4
vehicle_LEAD_9;14;3.0;4.0;pickupShipment;6068627214;1000;0;25.070766666666668;0.0;8880.0;100.0;8880.0;3.0;1.0;D;841799.1;6517403.4
vehicle_LEAD_9;171;15.293217413565174;425.0;deliverShipment;7182132321;1000;0;25.070766666666668;0.564662;8044.1873076;90.5876949054054;8880.0;15.293217413565174;409.7067825864348;1;7.182132321E9;7.182132321E9
vehicle_LEAD_9;223;429.03061193877613;434.03061193877613;deliverShipment;25312126;1000;0;25.070766666666668;0.7661929999999999;7745.8811214;87.22839100675675;8880.0;429.03061193877613;5.0;2;2.5312126E7;2.5312126E7
vehicle_LEAD_9;193;455.87974824050355;460.87974824050355;deliverShipment;1764056268;1000;0;25.070766666666668;1.8586519999999997;6128.8233096;69.01828051351352;8880.0;455.87974824050355;5.0;3;1.764056268E9;1.764056268E9
vehicle_LEAD_9;15;483.7715824568351;488.7715824568351;deliverShipment;1384090139;1000;0;25.070766666666668;3.003246;4434.5952708;49.939135932432436;8880.0;483.7715824568351;5.0;4;1.384090139E9;1.384090139E9
vehicle_LEAD_9;96;503.5236129527741;504.5236129527741;pickupShipment;6068627214;1000;0;25.070766666666668;3.740849;3342.7953102000006;37.644091331081086;8880.0;503.5236129527741;1.0;D;841799.1;6517403.4
vehicle_LEAD_9;206;504.5236129527741;505.5236129527741;pickupShipment;6068627214;1000;0;25.070766666666668;3.740849;3342.7953102000006;37.644091331081086;8880.0;504.5236129527741;1.0;D;841799.1;6517403.4
vehicle_LEAD_9;126;505.5236129527741;506.5236129527741;pickupShipment;6068627214;1000;0;25.070766666666668;3.740849;3342.7953102000006;37.644091331081086;8880.0;505.5236129527741;1.0;D;841799.1;6517403.4
vehicle_LEAD_9;66;506.5236129527741;507.5236129527741;pickupShipment;6068627214;1000;0;25.070766666666668;3.740849;3342.7953102000006;37.644091331081086;8880.0;506.5236129527741;1.0;D;841799.1;6517403.4
vehicle_LEAD_9;207;524.3089393821213;529.3089393821213;deliverShipment;16564346;1000;0;25.070766666666668;4.5801169999999995;2100.5108166000005;23.654401087837844;8880.0;524.3089393821213;5.0;1;1.6564346E7;1.6564346E7
vehicle_LEAD_9;127;535.3663872672255;540.3663872672255;deliverShipment;33257061;1000;0;25.070766666666668;4.8829899999999995;1652.1982020000005;18.605835608108116;8880.0;535.3663872672255;5.0;2;3.3257061E7;3.3257061E7
vehicle_LEAD_9;67;540.3663872672255;863.45;deliverShipment;33257061;1000;0;25.070766666666668;4.8829899999999995;1652.1982020000005;18.605835608108116;8880.0;540.3663872672255;323.08361273277455;3;3.3257061E7;3.3257061E7
vehicle_LEAD_9;97;876.3763541472917;881.3763541472917;deliverShipment;5947847660;1000;0;25.070766666666668;5.529309;695.5168182000002;7.832396601351353;8880.0;876.3763541472917;5.0;4;5.94784766E9;5.94784766E9
vehicle_LEAD_9;200;890.7151354697291;891.7151354697291;pickupShipment;6068627214;1000;0;25.070766666666668;5.996249;4.3522302000002355;0.04901160135135401;8880.0;890.7151354697291;1.0;D;841799.1;6517403.4
vehicle_LEAD_9;242;891.7151354697291;892.7151354697291;pickupShipment;6068627214;1000;0;25.070766666666668;5.996249;4.3522302000002355;0.04901160135135401;8880.0;891.7151354697291;1.0;D;841799.1;6517403.4
vehicle_LEAD_9;154;892.7151354697291;893.7151354697291;pickupShipment;6068627214;1000;0;25.070766666666668;5.996249;4.3522302000002355;0.04901160135135401;8880.0;892.7151354697291;1.0;D;841799.1;6517403.4
vehicle_LEAD_9;1;893.7151354697291;893.7371944165106;recharge;6068627214;1000;0;25.070766666666668;5.996249;4.3522302000002355;0.04901160135135401;8880.0;893.7151354697291;0.02205894678149889;r1;841799.1;6517403.4
vehicle_LEAD_9;1;893.7151354697291;893.7371944165106;recharge;6068627214;1000;0;25.070766666666668;5.996249;8880.0;100.0;8880.0;893.7151354697291;0.02205894678149889;r2;841799.1;6517403.4
vehicle_LEAD_9;78;893.7371944165106;894.7371944165106;pickupShipment;6068627214;1000;0;25.070766666666668;5.996249;8880.0;100.0;8880.0;893.7371944165106;1.0;D;841799.1;6517403.4
vehicle_LEAD_9;79;908.4465269978455;1046.9166666666667;deliverShipment;25312126;1000;0;25.070766666666668;6.681717;7865.3702664;88.5739894864865;8880.0;908.4465269978455;138.47013966882128;1;2.5312126E7;2.5312126E7
vehicle_LEAD_9;201;1047.8467448065105;1052.8467448065105;deliverShipment;35678578;1000;0;25.070766666666668;6.728221;7796.535045600001;87.79881808108108;8880.0;1047.8467448065105;5.0;2;3.5678578E7;3.5678578E7
vehicle_LEAD_9;243;1058.490253519493;1063.490253519493;deliverShipment;2336249518;1000;0;25.070766666666668;7.010396999999999;7378.858130400001;83.09524921621623;8880.0;1058.490253519493;5.0;3;2.336249518E9;2.336249518E9
vehicle_LEAD_9;155;1063.490253519493;1068.490253519493;deliverShipment;2336249518;1000;0;25.070766666666668;7.010396999999999;7378.858130400001;83.09524921621623;8880.0;1063.490253519493;5.0;4;2.336249518E9;2.336249518E9
vehicle_LEAD_9;136;1086.9130166739667;1087.9130166739667;pickupShipment;6068627214;1000;0;25.070766666666668;7.931537;6015.386702400001;67.74084124324325;8880.0;1086.9130166739667;1.0;D;841799.1;6517403.4
vehicle_LEAD_9;166;1087.9130166739667;1088.9130166739667;pickupShipment;6068627214;1000;0;25.070766666666668;7.931537;6015.386702400001;67.74084124324325;8880.0;1087.9130166739667;1.0;D;841799.1;6517403.4
vehicle_LEAD_9;90;1088.9130166739667;1089.9130166739667;pickupShipment;6068627214;1000;0;25.070766666666668;7.931537;6015.386702400001;67.74084124324325;8880.0;1088.9130166739667;1.0;D;841799.1;6517403.4
vehicle_LEAD_9;40;1089.9130166739667;1090.9130166739667;pickupShipment;6068627214;1000;0;25.070766666666668;7.931537;6015.386702400001;67.74084124324325;8880.0;1089.9130166739667;1.0;D;841799.1;6517403.4
vehicle_LEAD_9;91;1109.3215398569203;1114.3215398569203;deliverShipment;2636357171;1000;0;25.070766666666668;8.851965;4652.969176800001;52.39830154054055;8880.0;1109.3215398569203;5.0;1;2.636357171E9;2.636357171E9
vehicle_LEAD_9;41;1117.6334732330536;1122.6334732330536;deliverShipment;6970402902;1000;0;25.070766666666668;9.017562;4407.852497400001;49.637978574324336;8880.0;1117.6334732330536;5.0;2;6.970402902E9;6.970402902E9
vehicle_LEAD_9;137;1129.3564997870005;1134.3564997870005;deliverShipment;6970402893;1000;0;25.070766666666668;9.353714;3910.280307000001;44.034688141891905;8880.0;1129.3564997870005;5.0;3;6.970402893E9;6.970402893E9
vehicle_LEAD_9;167;1139.4386296227408;1144.4386296227408;deliverShipment;1683287884;1000;0;25.070766666666668;9.607821;3534.151125600001;39.79899916216217;8880.0;1139.4386296227408;5.0;4;1.683287884E9;1.683287884E9
vehicle_LEAD_9;-2;1160.0863983272034;0.0;end;6068627214;1000;0;25.070766666666668;10.390210999999999;2376.0574476000006;26.757403689189196;8880.0;1160.0863983272034;-1160.0863983272034;end;841799.1;6517403.4
vehicle_LEAD_14;-1;0.0;0.0;start;6068627214;1000;0;25.070766666666668;0.0;8880.0;100.0;8880.0;0.0;0.0;start;841799.1;6517403.4
vehicle_LEAD_14;204;0.0;1.0;pickupShipment;6068627214;1000;0;25.070766666666668;0.0;8880.0;100.0;8880.0;0.0;1.0;D;841799.1;6517403.4
vehicle_LEAD_14;160;1.0;2.0;pickupShipment;6068627214;1000;0;25.070766666666668;0.0;8880.0;100.0;8880.0;1.0;1.0;D;841799.1;6517403.4
vehicle_LEAD_14;186;2.0;3.0;pickupShipment;6068627214;1000;0;25.070766666666668;0.0;8880.0;100.0;8880.0;2.0;1.0;D;841799.1;6517403.4
vehicle_LEAD_14;161;17.99131001737996;425.0;deliverShipment;6399726036;1000;0;25.070766666666668;0.7495669999999998;7770.4909266;87.5055284527027;8880.0;17.99131001737996;407.00868998262;1;6.399726036E9;6.399726036E9
vehicle_LEAD_14;187;425.4071591856816;430.4071591856816;deliverShipment;6399726035;1000;0;25.070766666666668;0.7699249999999997;7740.3570150000005;87.16618260135137;8880.0;425.4071591856816;5.0;2;6.399726035E9;6.399726035E9
vehicle_LEAD_14;205;432.4287551424897;437.4287551424897;deliverShipment;5273358484;1000;0;25.070766666666668;0.8710049999999998;7590.738399000001;85.48128827702703;8880.0;432.4287551424897;5.0;3;5.273358484E9;5.273358484E9
vehicle_LEAD_14;196;449.99131001737993;450.99131001737993;pickupShipment;6068627214;1000;0;25.070766666666668;1.4991339999999997;6660.981853200001;75.01105690540541;8880.0;449.99131001737993;1.0;D;841799.1;6517403.4
vehicle_LEAD_14;138;450.99131001737993;451.99131001737993;pickupShipment;6068627214;1000;0;25.070766666666668;1.4991339999999997;6660.981853200001;75.01105690540541;8880.0;450.99131001737993;1.0;D;841799.1;6517403.4
vehicle_LEAD_14;118;451.99131001737993;452.99131001737993;pickupShipment;6068627214;1000;0;25.070766666666668;1.4991339999999997;6660.981853200001;75.01105690540541;8880.0;451.99131001737993;1.0;D;841799.1;6517403.4
vehicle_LEAD_14;72;452.99131001737993;453.99131001737993;pickupShipment;6068627214;1000;0;25.070766666666668;1.4991339999999997;6660.981853200001;75.01105690540541;8880.0;452.99131001737993;1.0;D;841799.1;6517403.4
vehicle_LEAD_14;119;474.04212991574013;479.04212991574013;deliverShipment;5109779163;1000;0;25.070766666666668;2.501677;5177.017704600001;58.29974892567569;8880.0;474.04212991574013;5.0;1;5.109779163E9;5.109779163E9
vehicle_LEAD_14;197;484.4593390813218;489.4593390813218;deliverShipment;1754647299;1000;0;25.070766666666668;2.772538;4776.089252400001;53.784788878378386;8880.0;484.4593390813218;5.0;2;1.754647299E9;1.754647299E9
vehicle_LEAD_14;139;494.517448965102;758.6333333333333;deliverShipment;831557249;1000;0;25.070766666666668;3.025444;4401.737791200001;49.569119270270285;8880.0;494.517448965102;264.1158843682313;3;8.31557249E8;8.31557249E8
vehicle_LEAD_14;73;766.3733378533243;771.3733378533243;deliverShipment;5109779163;1000;0;25.070766666666668;3.412445;3828.898911000001;43.118230979729745;8880.0;766.3733378533243;5.0;4;5.109779163E9;5.109779163E9
vehicle_LEAD_14;68;791.4241577516846;792.4241577516846;pickupShipment;6068627214;1000;0;25.070766666666668;4.414988;2344.934762400001;26.40692300000001;8880.0;791.4241577516846;1.0;D;841799.1;6517403.4
vehicle_LEAD_14;162;792.4241577516846;793.4241577516846;pickupShipment;6068627214;1000;0;25.070766666666668;4.414988;2344.934762400001;26.40692300000001;8880.0;792.4241577516846;1.0;D;841799.1;6517403.4
vehicle_LEAD_14;110;793.4241577516846;794.4241577516846;pickupShipment;6068627214;1000;0;25.070766666666668;4.414988;2344.934762400001;26.40692300000001;8880.0;793.4241577516846;1.0;D;841799.1;6517403.4
vehicle_LEAD_14;16;794.4241577516846;795.4241577516846;pickupShipment;6068627214;1000;0;25.070766666666668;4.414988;2344.934762400001;26.40692300000001;8880.0;794.4241577516846;1.0;D;841799.1;6517403.4
vehicle_LEAD_14;1;795.4241577516846;807.3092807238082;recharge;6068627214;1000;0;25.070766666666668;4.414988;2344.934762400001;26.40692300000001;8880.0;795.4241577516846;11.885122972123668;r1;841799.1;6517403.4
vehicle_LEAD_14;1;795.4241577516846;807.3092807238082;recharge;6068627214;1000;0;25.070766666666668;4.414988;8880.0;100.0;8880.0;795.4241577516846;11.885122972123668;r2;841799.1;6517403.4
vehicle_LEAD_14;232;807.3092807238082;808.3092807238082;pickupShipment;6068627214;1000;0;25.070766666666668;4.414988;8880.0;100.0;8880.0;807.3092807238082;1.0;D;841799.1;6517403.4
vehicle_LEAD_14;233;822.9794113835469;827.9794113835469;deliverShipment;2244471203;1000;0;25.070766666666668;5.148496;7794.2614584;87.77321462162162;8880.0;822.9794113835469;5.0;1;2.244471203E9;2.244471203E9
vehicle_LEAD_14;163;827.9794113835469;971.6666666666666;deliverShipment;2244471203;1000;0;25.070766666666668;5.148496;7794.2614584;87.77321462162162;8880.0;827.9794113835469;143.68725528311973;2;2.244471203E9;2.244471203E9
vehicle_LEAD_14;69;971.6666666666666;1086.0;deliverShipment;2244471203;1000;0;25.070766666666668;5.148496;7794.2614584;87.77321462162162;8880.0;971.6666666666666;114.33333333333337;3;2.244471203E9;2.244471203E9
vehicle_LEAD_14;111;1086.0;1091.0;deliverShipment;2244471203;1000;0;25.070766666666668;5.148496;7794.2614584;87.77321462162162;8880.0;1086.0;5.0;4;2.244471203E9;2.244471203E9
vehicle_LEAD_14;17;1091.755098489803;1096.755098489803;deliverShipment;2244092186;1000;0;25.070766666666668;5.1862509999999995;7738.3765074;87.14387958783783;8880.0;1091.755098489803;5.0;5;2.244092186E9;2.244092186E9
vehicle_LEAD_14;64;1112.1803276393448;1113.1803276393448;pickupShipment;6068627214;1000;0;25.070766666666668;5.957514;6596.7530148000005;74.28775917567569;8880.0;1112.1803276393448;1.0;D;841799.1;6517403.4
vehicle_LEAD_14;202;1113.1803276393448;1114.1803276393448;pickupShipment;6068627214;1000;0;25.070766666666668;5.957514;6596.7530148000005;74.28775917567569;8880.0;1113.1803276393448;1.0;D;841799.1;6517403.4
vehicle_LEAD_14;34;1114.1803276393448;1115.1803276393448;pickupShipment;6068627214;1000;0;25.070766666666668;5.957514;6596.7530148000005;74.28775917567569;8880.0;1114.1803276393448;1.0;D;841799.1;6517403.4
vehicle_LEAD_14;102;1115.1803276393448;1116.1803276393448;pickupShipment;6068627214;1000;0;25.070766666666668;5.957514;6596.7530148000005;74.28775917567569;8880.0;1115.1803276393448;1.0;D;841799.1;6517403.4
vehicle_LEAD_14;35;1134.96309007382;1139.96309007382;deliverShipment;7362230954;1000;0;25.070766666666668;6.896654;5206.6379868;58.63331066216217;8880.0;1134.96309007382;5.0;1;7.362230954E9;7.362230954E9
vehicle_LEAD_14;103;1158.2825134349732;1206.0166666666667;deliverShipment;7017492283;1000;0;25.070766666666668;7.812627;3850.8147522000004;43.365030993243245;8880.0;1158.2825134349732;47.734153231693426;2;7.017492283E9;7.017492283E9
vehicle_LEAD_14;65;1210.8294970410059;1215.8294970410059;deliverShipment;6970402906;1000;0;25.070766666666668;8.053269;3494.6164638000005;39.35378900675676;8880.0;1210.8294970410059;5.0;3;6.970402906E9;6.970402906E9
vehicle_LEAD_14;203;1230.5504875990248;1235.5504875990248;deliverShipment;829114775;1000;0;25.070766666666668;8.78932;2405.1137736;27.084614567567566;8880.0;1230.5504875990248;5.0;4;8.29114775E8;8.29114775E8
vehicle_LEAD_14;-2;1251.0234766530466;0.0;end;6068627214;1000;0;25.070766666666668;9.562971000000001;1259.9555633999998;14.188688777027025;8880.0;1251.0234766530466;-1251.0234766530466;end;841799.1;6517403.4
