vehicle_id;activity_index;arrival_time;end_time;name;location_id;iterations;unassigned_jobs;runtime;distance;SoC;SoC %;Maximum Range;TimeStamp;Duration;Activity_counter
vehicle_LEAD_1;-1;0.0;0.0;start;6068627214;1000;0;26.073016666666668;0.0;8880.0;100.0;8880.0;0.0;0.0;start
vehicle_LEAD_1;246;0.0;1.0;pickupShipment;6068627214;1000;0;26.073016666666668;0.0;8880.0;100.0;8880.0;0.0;1.0;D
vehicle_LEAD_1;84;1.0;2.0;pickupShipment;6068627214;1000;0;26.073016666666668;0.0;8880.0;100.0;8880.0;1.0;1.0;D
vehicle_LEAD_1;218;2.0;3.0;pickupShipment;6068627214;1000;0;26.073016666666668;0.0;8880.0;100.0;8880.0;2.0;1.0;D
vehicle_LEAD_1;164;3.0;4.0;pickupShipment;6068627214;1000;0;26.073016666666668;0.0;8880.0;100.0;8880.0;3.0;1.0;D
vehicle_LEAD_1;219;14.367219265561468;425.0;deliverShipment;2244451870;1000;0;26.073016666666668;0.518362;8112.7205676;91.35946585135135;8880.0;14.367219265561468;410.63278073443854;1
vehicle_LEAD_1;165;425.0;430.0;deliverShipment;2244451870;1000;0;26.073016666666668;0.518362;8112.7205676;91.35946585135135;8880.0;425.0;5.0;2
vehicle_LEAD_1;247;432.39259521480955;1020.2833333333333;deliverShipment;6297154743;1000;0;26.073016666666668;0.637992;7935.6442416;89.36536308108109;8880.0;432.39259521480955;587.8907381185238;3
vehicle_LEAD_1;85;1020.2833333333333;1102.0333333333333;deliverShipment;6297154743;1000;0;26.073016666666668;0.637992;7935.6442416;89.36536308108109;8880.0;1020.2833333333333;81.75;4
vehicle_LEAD_1;182;1110.007957384085;1111.007957384085;pickupShipment;6068627214;1000;0;26.073016666666668;1.036724;7345.4411352;82.7189317027027;8880.0;1110.007957384085;1.0;D
vehicle_LEAD_1;192;1111.007957384085;1112.007957384085;pickupShipment;6068627214;1000;0;26.073016666666668;1.036724;7345.4411352;82.7189317027027;8880.0;1111.007957384085;1.0;D
vehicle_LEAD_1;20;1112.007957384085;1113.007957384085;pickupShipment;6068627214;1000;0;26.073016666666668;1.036724;7345.4411352;82.7189317027027;8880.0;1112.007957384085;1.0;D
vehicle_LEAD_1;21;1113.007957384085;1246.4666666666667;deliverShipment;6068627214;1000;0;26.073016666666668;1.036724;7345.4411352;82.7189317027027;8880.0;1113.007957384085;133.4587092825816;1
vehicle_LEAD_1;214;1246.4666666666667;1247.4666666666667;pickupShipment;6068627214;1000;0;26.073016666666668;1.036724;7345.4411352;82.7189317027027;8880.0;1246.4666666666667;1.0;D
vehicle_LEAD_1;74;1247.4666666666667;1248.4666666666667;pickupShipment;6068627214;1000;0;26.073016666666668;1.036724;7345.4411352;82.7189317027027;8880.0;1247.4666666666667;1.0;D
vehicle_LEAD_1;215;1259.2577650844698;1264.2577650844698;deliverShipment;3246517575;1000;0;26.073016666666668;1.57628;6546.790344;73.72511648648648;8880.0;1259.2577650844698;5.0;1
vehicle_LEAD_1;138;1275.048863502273;1276.048863502273;pickupShipment;6068627214;1000;0;26.073016666666668;2.115836;5748.1395528;64.73130127027027;8880.0;1275.048863502273;1.0;D
vehicle_LEAD_1;75;1285.4856646286707;1290.4856646286707;deliverShipment;5947881168;1000;0;26.073016666666668;2.587677;5049.7205046;56.86622189864865;8880.0;1285.4856646286707;5.0;1
vehicle_LEAD_1;139;1318.2320691358618;1323.2320691358618;deliverShipment;831557249;1000;0;26.073016666666668;3.9749999999999996;2996.2050000000004;33.7410472972973;8880.0;1318.2320691358618;5.0;2
vehicle_LEAD_1;193;1339.9586556826887;1344.9586556826887;deliverShipment;1764056268;1000;0;26.073016666666668;4.811330999999999;1758.2678538000005;19.800313668918925;8880.0;1339.9586556826887;5.0;3
vehicle_LEAD_1;183;1376.6384123231753;1381.6384123231753;deliverShipment;5947870999;1000;0;26.073016666666668;6.395321999999999;-586.3556243999997;-6.603103878378374;8880.0;1376.6384123231753;5.0;4
vehicle_LEAD_1;-2;1383.9032477935043;0.0;end;6068627214;1000;0;26.073016666666668;6.508563999999999;-753.9764327999997;-8.49072559459459;8880.0;1383.9032477935043;-1383.9032477935043;end
vehicle_LEAD_2;-1;0.0;0.0;start;6068627214;1000;0;26.073016666666668;0.0;8880.0;100.0;8880.0;0.0;0.0;start
vehicle_LEAD_2;244;0.0;1.0;pickupShipment;6068627214;1000;0;26.073016666666668;0.0;8880.0;100.0;8880.0;0.0;1.0;D
vehicle_LEAD_2;98;1.0;2.0;pickupShipment;6068627214;1000;0;26.073016666666668;0.0;8880.0;100.0;8880.0;1.0;1.0;D
vehicle_LEAD_2;60;2.0;3.0;pickupShipment;6068627214;1000;0;26.073016666666668;0.0;8880.0;100.0;8880.0;2.0;1.0;D
vehicle_LEAD_2;230;3.0;4.0;pickupShipment;6068627214;1000;0;26.073016666666668;0.0;8880.0;100.0;8880.0;3.0;1.0;D
vehicle_LEAD_2;245;8.93531012937974;425.0;deliverShipment;35678668;1000;0;26.073016666666668;0.24676599999999999;8514.7369668;95.88667755405405;8880.0;8.93531012937974;416.06468987062027;1
vehicle_LEAD_2;99;425.0;430.0;deliverShipment;35678668;1000;0;26.073016666666668;0.24676599999999999;8514.7369668;95.88667755405405;8880.0;425.0;5.0;2
vehicle_LEAD_2;61;430.0;942.9833333333333;deliverShipment;35678668;1000;0;26.073016666666668;0.24676599999999999;8514.7369668;95.88667755405405;8880.0;430.0;512.9833333333333;3
vehicle_LEAD_2;231;943.9465914068172;948.9465914068172;deliverShipment;25312133;1000;0;26.073016666666668;0.294929;8443.446094199999;95.08385241216214;8880.0;943.9465914068172;5.0;4
vehicle_LEAD_2;206;954.8451596096808;955.8451596096808;pickupShipment;6068627214;1000;0;26.073016666666668;0.589858;8006.892188399998;90.1677048243243;8880.0;954.8451596096808;1.0;D
vehicle_LEAD_2;220;955.8451596096808;956.8451596096808;pickupShipment;6068627214;1000;0;26.073016666666668;0.589858;8006.892188399998;90.1677048243243;8880.0;955.8451596096808;1.0;D
vehicle_LEAD_2;116;956.8451596096808;957.8451596096808;pickupShipment;6068627214;1000;0;26.073016666666668;0.589858;8006.892188399998;90.1677048243243;8880.0;956.8451596096808;1.0;D
vehicle_LEAD_2;170;957.8451596096808;958.8451596096808;pickupShipment;6068627214;1000;0;26.073016666666668;0.589858;8006.892188399998;90.1677048243243;8880.0;957.8451596096808;1.0;D
vehicle_LEAD_2;117;967.7488218023564;972.7488218023564;deliverShipment;25312123;1000;0;26.073016666666668;1.035042;7347.930831599999;82.74696882432431;8880.0;967.7488218023564;5.0;1
vehicle_LEAD_2;221;982.5620621758757;1112.4333333333334;deliverShipment;16564347;1000;0;26.073016666666668;1.525705;6621.651458999999;74.5681470608108;8880.0;982.5620621758757;129.87127115745773;2
vehicle_LEAD_2;207;1114.375929448141;1119.375929448141;deliverShipment;16564346;1000;0;26.073016666666668;1.622835;6477.879632999999;72.9490949662162;8880.0;1114.375929448141;5.0;3
vehicle_LEAD_2;171;1124.868038463923;1129.868038463923;deliverShipment;7182132321;1000;0;26.073016666666668;1.8974410000000002;6071.407831799998;68.37170981756755;8880.0;1124.868038463923;5.0;4
vehicle_LEAD_2;166;1141.1612558774882;1142.1612558774882;pickupShipment;6068627214;1000;0;26.073016666666668;2.462103;5235.5951393999985;58.959404722972955;8880.0;1141.1612558774882;1.0;D
vehicle_LEAD_2;114;1142.1612558774882;1143.1612558774882;pickupShipment;6068627214;1000;0;26.073016666666668;2.462103;5235.5951393999985;58.959404722972955;8880.0;1142.1612558774882;1.0;D
vehicle_LEAD_2;24;1143.1612558774882;1144.1612558774882;pickupShipment;6068627214;1000;0;26.073016666666668;2.462103;5235.5951393999985;58.959404722972955;8880.0;1143.1612558774882;1.0;D
vehicle_LEAD_2;38;1144.1612558774882;1145.1612558774882;pickupShipment;6068627214;1000;0;26.073016666666668;2.462103;5235.5951393999985;58.959404722972955;8880.0;1144.1612558774882;1.0;D
vehicle_LEAD_2;39;1162.0325421349157;1302.55;deliverShipment;5324491691;1000;0;26.073016666666668;3.305669;3986.948746199999;44.89807146621621;8880.0;1162.0325421349157;140.51745786508422;1
vehicle_LEAD_2;25;1302.55;1307.55;deliverShipment;5324491691;1000;0;26.073016666666668;3.305669;3986.948746199999;44.89807146621621;8880.0;1302.55;5.0;2
vehicle_LEAD_2;115;1313.6152478695042;1318.6152478695042;deliverShipment;1683287884;1000;0;26.073016666666668;3.6089320000000003;3538.0588535999987;39.843005108108095;8880.0;1313.6152478695042;5.0;3
vehicle_LEAD_2;167;1318.6152478695042;1323.6152478695042;deliverShipment;1683287884;1000;0;26.073016666666668;3.6089320000000003;3538.0588535999987;39.843005108108095;8880.0;1318.6152478695042;5.0;4
vehicle_LEAD_2;68;1339.2630165739668;1340.2630165739668;pickupShipment;6068627214;1000;0;26.073016666666668;4.391322000000001;2379.9651755999985;26.80140963513512;8880.0;1339.2630165739668;1.0;D
vehicle_LEAD_2;16;1340.2630165739668;1341.2630165739668;pickupShipment;6068627214;1000;0;26.073016666666668;4.391322000000001;2379.9651755999985;26.80140963513512;8880.0;1340.2630165739668;1.0;D
vehicle_LEAD_2;162;1341.2630165739668;1342.2630165739668;pickupShipment;6068627214;1000;0;26.073016666666668;4.391322000000001;2379.9651755999985;26.80140963513512;8880.0;1341.2630165739668;1.0;D
vehicle_LEAD_2;232;1342.2630165739668;1343.2630165739668;pickupShipment;6068627214;1000;0;26.073016666666668;4.391322000000001;2379.9651755999985;26.80140963513512;8880.0;1342.2630165739668;1.0;D
vehicle_LEAD_2;69;1357.9331472337055;1362.9331472337055;deliverShipment;2244471203;1000;0;26.073016666666668;5.12483;1294.2266339999985;14.57462425675674;8880.0;1357.9331472337055;5.0;1
vehicle_LEAD_2;163;1362.9331472337055;1367.9331472337055;deliverShipment;2244471203;1000;0;26.073016666666668;5.12483;1294.2266339999985;14.57462425675674;8880.0;1362.9331472337055;5.0;2
vehicle_LEAD_2;17;1368.6882457235085;1373.6882457235085;deliverShipment;2244092186;1000;0;26.073016666666668;5.162585;1238.3416829999985;13.945289222972956;8880.0;1368.6882457235085;5.0;3
vehicle_LEAD_2;233;1374.4433442133115;1379.4433442133115;deliverShipment;2244471203;1000;0;26.073016666666668;5.20034;1182.4567319999985;13.315954189189172;8880.0;1374.4433442133115;5.0;4
vehicle_LEAD_2;-2;1394.1134748730503;0.0;end;6068627214;1000;0;26.073016666666668;5.933847999999999;96.71819039999855;1.0891688108107944;8880.0;1394.1134748730503;-1394.1134748730503;end
vehicle_LEAD_3;-1;0.0;0.0;start;6068627214;1000;0;26.073016666666668;0.0;8880.0;100.0;8880.0;0.0;0.0;start
vehicle_LEAD_3;34;0.0;1.0;pickupShipment;6068627214;1000;0;26.073016666666668;0.0;8880.0;100.0;8880.0;0.0;1.0;D
vehicle_LEAD_3;56;1.0;2.0;pickupShipment;6068627214;1000;0;26.073016666666668;0.0;8880.0;100.0;8880.0;1.0;1.0;D
vehicle_LEAD_3;238;2.0;3.0;pickupShipment;6068627214;1000;0;26.073016666666668;0.0;8880.0;100.0;8880.0;2.0;1.0;D
vehicle_LEAD_3;134;3.0;4.0;pickupShipment;6068627214;1000;0;26.073016666666668;0.0;8880.0;100.0;8880.0;3.0;1.0;D
vehicle_LEAD_3;239;12.224823550352898;425.0;deliverShipment;6297154742;1000;0;26.073016666666668;0.41124199999999994;8271.2795916;93.14504044594594;8880.0;12.224823550352898;412.7751764496471;1
vehicle_LEAD_3;57;430.6232887534225;435.6232887534225;deliverShipment;6297154746;1000;0;26.073016666666668;0.6924069999999999;7855.0991586;88.45832385810812;8880.0;430.6232887534225;5.0;2
vehicle_LEAD_3;135;443.6395327209346;448.6395327209346;deliverShipment;5947870991;1000;0;26.073016666666668;1.0932199999999999;7261.815756;81.77720445945947;8880.0;443.6395327209346;5.0;3
vehicle_LEAD_3;35;462.84474431051143;467.84474431051143;deliverShipment;7362230954;1000;0;26.073016666666668;1.8034819999999998;6210.4859436;69.93790477027026;8880.0;462.84474431051143;5.0;4
vehicle_LEAD_3;174;486.62750674498653;487.62750674498653;pickupShipment;6068627214;1000;0;26.073016666666668;2.742622;4820.3709155999995;54.28345625675676;8880.0;486.62750674498653;1.0;D
vehicle_LEAD_3;120;487.62750674498653;488.62750674498653;pickupShipment;6068627214;1000;0;26.073016666666668;2.742622;4820.3709155999995;54.28345625675676;8880.0;487.62750674498653;1.0;D
vehicle_LEAD_3;248;488.62750674498653;489.62750674498653;pickupShipment;6068627214;1000;0;26.073016666666668;2.742622;4820.3709155999995;54.28345625675676;8880.0;488.62750674498653;1.0;D
vehicle_LEAD_3;86;489.62750674498653;490.62750674498653;pickupShipment;6068627214;1000;0;26.073016666666668;2.742622;4820.3709155999995;54.28345625675676;8880.0;489.62750674498653;1.0;D
vehicle_LEAD_3;249;497.27519344961314;502.27519344961314;deliverShipment;5947847671;1000;0;26.073016666666668;3.075007;4328.374638599999;48.742957641891884;8880.0;497.27519344961314;5.0;1
vehicle_LEAD_3;121;502.27519344961314;1159.0166666666667;deliverShipment;5947847671;1000;0;26.073016666666668;3.075007;4328.374638599999;48.742957641891884;8880.0;502.27519344961314;656.7414732170535;2
vehicle_LEAD_3;66;1165.6643533712931;1166.6643533712931;pickupShipment;6068627214;1000;0;26.073016666666668;3.4073919999999998;3836.378361599999;43.20245902702702;8880.0;1165.6643533712931;1.0;D
vehicle_LEAD_3;126;1166.6643533712931;1167.6643533712931;pickupShipment;6068627214;1000;0;26.073016666666668;3.4073919999999998;3836.378361599999;43.20245902702702;8880.0;1166.6643533712931;1.0;D
vehicle_LEAD_3;175;1176.5680155639689;1181.5680155639689;deliverShipment;25312123;1000;0;26.073016666666668;3.8525759999999996;3177.417004799999;35.78172302702702;8880.0;1176.5680155639689;5.0;1
vehicle_LEAD_3;127;1194.4148498703003;1199.4148498703003;deliverShipment;33257061;1000;0;26.073016666666668;4.494918999999999;2226.6208961999987;25.074559641891874;8880.0;1194.4148498703003;5.0;2
vehicle_LEAD_3;67;1199.4148498703003;1204.4148498703003;deliverShipment;33257061;1000;0;26.073016666666668;4.494918999999999;2226.6208961999987;25.074559641891874;8880.0;1199.4148498703003;5.0;3
vehicle_LEAD_3;87;1227.9252628494744;1232.9252628494744;deliverShipment;5947847668;1000;0;26.073016666666668;5.6704419999999995;486.61175159999857;5.479862067567551;8880.0;1227.9252628494744;5.0;4
vehicle_LEAD_3;-2;1236.7159952680095;0.0;end;6068627214;1000;0;26.073016666666668;5.859978999999999;206.05908419999855;2.320485182432416;8880.0;1236.7159952680095;-1236.7159952680095;end
vehicle_LEAD_5;-1;0.0;0.0;start;6068627214;1000;0;26.073016666666668;0.0;8880.0;100.0;8880.0;0.0;0.0;start
vehicle_LEAD_5;186;0.0;1.0;pickupShipment;6068627214;1000;0;26.073016666666668;0.0;8880.0;100.0;8880.0;0.0;1.0;D
vehicle_LEAD_5;150;1.0;2.0;pickupShipment;6068627214;1000;0;26.073016666666668;0.0;8880.0;100.0;8880.0;1.0;1.0;D
vehicle_LEAD_5;26;2.0;3.0;pickupShipment;6068627214;1000;0;26.073016666666668;0.0;8880.0;100.0;8880.0;2.0;1.0;D
vehicle_LEAD_5;46;3.0;4.0;pickupShipment;6068627214;1000;0;26.073016666666668;0.0;8880.0;100.0;8880.0;3.0;1.0;D
vehicle_LEAD_5;151;16.098115803768394;425.0;deliverShipment;35678579;1000;0;26.073016666666668;0.604907;7984.6166586;89.91685426351351;8880.0;16.098115803768394;408.9018841962316;1
vehicle_LEAD_5;27;426.69497661004675;431.69497661004675;deliverShipment;2170533263;1000;0;26.073016666666668;0.6896559999999999;7859.1711888;88.50418005405405;8880.0;426.69497661004675;5.0;2
vehicle_LEAD_5;12;443.5854928290143;444.5854928290143;pickupShipment;6068627214;1000;0;26.073016666666668;1.2841829999999999;6979.1523234;78.59405769594593;8880.0;443.5854928290143;1.0;D
vehicle_LEAD_5;160;444.5854928290143;445.5854928290143;pickupShipment;6068627214;1000;0;26.073016666666668;1.2841829999999999;6979.1523234;78.59405769594593;8880.0;444.5854928290143;1.0;D
vehicle_LEAD_5;161;460.5768028463943;465.5768028463943;deliverShipment;6399726036;1000;0;26.073016666666668;2.0337499999999995;5869.64325;66.09958614864865;8880.0;460.5768028463943;5.0;1
vehicle_LEAD_5;187;465.9839620320759;470.9839620320759;deliverShipment;6399726035;1000;0;26.073016666666668;2.0541079999999994;5839.5093384;65.7602402972973;8880.0;465.9839620320759;5.0;2
vehicle_LEAD_5;13;471.3094813810372;476.3094813810372;deliverShipment;5273331647;1000;0;26.073016666666668;2.0703839999999993;5815.4176032000005;65.48893697297298;8880.0;471.3094813810372;5.0;3
vehicle_LEAD_5;62;490.5681128637742;491.5681128637742;pickupShipment;6068627214;1000;0;26.073016666666668;2.7833169999999994;4760.1341766000005;53.60511460135135;8880.0;490.5681128637742;1.0;D
vehicle_LEAD_5;10;491.5681128637742;492.5681128637742;pickupShipment;6068627214;1000;0;26.073016666666668;2.7833169999999994;4760.1341766000005;53.60511460135135;8880.0;491.5681128637742;1.0;D
vehicle_LEAD_5;63;494.5681688636622;499.5681688636622;deliverShipment;5947871000;1000;0;26.073016666666668;2.8833199999999994;4612.109736;51.938172702702715;8880.0;494.5681688636622;5.0;1
vehicle_LEAD_5;11;503.00720198559594;508.00720198559594;deliverShipment;5947847668;1000;0;26.073016666666668;3.0552719999999995;4357.5863856000005;49.07191875675676;8880.0;503.00720198559594;5.0;2
vehicle_LEAD_5;152;511.7979344041311;512.7979344041312;pickupShipment;6068627214;1000;0;26.073016666666668;3.2448089999999996;4077.0337182000003;45.91254187162163;8880.0;511.7979344041311;1.0000000000000568;D
vehicle_LEAD_5;188;512.7979344041312;513.7979344041312;pickupShipment;6068627214;1000;0;26.073016666666668;3.2448089999999996;4077.0337182000003;45.91254187162163;8880.0;512.7979344041312;1.0;D
vehicle_LEAD_5;30;513.7979344041312;514.7979344041312;pickupShipment;6068627214;1000;0;26.073016666666668;3.2448089999999996;4077.0337182000003;45.91254187162163;8880.0;513.7979344041312;1.0;D
vehicle_LEAD_5;31;515.4440131119737;671.35;deliverShipment;5947870990;1000;0;26.073016666666668;3.2771129999999995;4029.2173374000004;45.37406911486487;8880.0;515.4440131119737;155.9059868880263;1
vehicle_LEAD_5;94;671.9960787078426;672.9960787078426;pickupShipment;6068627214;1000;0;26.073016666666668;3.3094169999999994;3981.4009566000004;44.83559635810811;8880.0;671.9960787078426;1.0;D
vehicle_LEAD_5;95;681.844901010198;686.844901010198;deliverShipment;4574272246;1000;0;26.073016666666668;3.751858999999999;3326.4983082000003;37.46056653378379;8880.0;681.844901010198;5.0;1
vehicle_LEAD_5;153;691.0954125091749;696.0954125091749;deliverShipment;25312138;1000;0;26.073016666666668;3.964384999999999;3011.917323;33.91798787162163;8880.0;691.0954125091749;5.0;2
vehicle_LEAD_5;189;698.6860473279053;703.6860473279053;deliverShipment;25312137;1000;0;26.073016666666668;4.093916999999999;2820.1840566;31.758829466216216;8880.0;698.6860473279053;5.0;3
vehicle_LEAD_5;54;707.3268000463999;708.3268000463999;pickupShipment;6068627214;1000;0;26.073016666666668;4.275955;2550.731409;28.724452804054053;8880.0;707.3268000463999;1.0;D
vehicle_LEAD_5;132;708.3268000463999;709.3268000463999;pickupShipment;6068627214;1000;0;26.073016666666668;4.275955;2550.731409;28.724452804054053;8880.0;708.3268000463999;1.0;D
vehicle_LEAD_5;44;709.3268000463999;710.3268000463999;pickupShipment;6068627214;1000;0;26.073016666666668;4.275955;2550.731409;28.724452804054053;8880.0;709.3268000463999;1.0;D
vehicle_LEAD_5;133;719.7636011727976;773.5;deliverShipment;5947881168;1000;0;26.073016666666668;4.747795999999999;1852.3123608;20.85937343243243;8880.0;719.7636011727976;53.73639882720238;1
vehicle_LEAD_5;45;775.7290955418089;1191.6666666666667;deliverShipment;3246517575;1000;0;26.073016666666668;4.8592509999999995;1687.3366698;19.001539074324324;8880.0;775.7290955418089;415.93757112485787;2
vehicle_LEAD_5;47;1191.6666666666667;1196.6666666666667;deliverShipment;3246517575;1000;0;26.073016666666668;4.8592509999999995;1687.3366698;19.001539074324324;8880.0;1191.6666666666667;5.0;3
vehicle_LEAD_5;55;1200.4597190805619;1278.7333333333333;deliverShipment;6399726035;1000;0;26.073016666666668;5.048903999999999;1406.6122992;15.840228594594596;8880.0;1200.4597190805619;78.2736142527715;4
vehicle_LEAD_5;-2;1293.3174841650316;0.0;end;6068627214;1000;0;26.073016666666668;5.778112999999999;327.23713740000017;3.6851028986486503;8880.0;1293.3174841650316;-1293.3174841650316;end
vehicle_LEAD_6;-1;0.0;0.0;start;6068627214;1000;0;26.073016666666668;0.0;8880.0;100.0;8880.0;0.0;0.0;start
vehicle_LEAD_6;36;0.0;1.0;pickupShipment;6068627214;1000;0;26.073016666666668;0.0;8880.0;100.0;8880.0;0.0;1.0;D
vehicle_LEAD_6;42;1.0;2.0;pickupShipment;6068627214;1000;0;26.073016666666668;0.0;8880.0;100.0;8880.0;1.0;1.0;D
vehicle_LEAD_6;140;2.0;3.0;pickupShipment;6068627214;1000;0;26.073016666666668;0.0;8880.0;100.0;8880.0;2.0;1.0;D
vehicle_LEAD_6;172;3.0;4.0;pickupShipment;6068627214;1000;0;26.073016666666668;0.0;8880.0;100.0;8880.0;3.0;1.0;D
vehicle_LEAD_6;37;21.622024755950488;425.0;deliverShipment;2244092199;1000;0;26.073016666666668;0.881103;7575.7913394;85.31296553378378;8880.0;21.622024755950488;403.37797524404954;1
vehicle_LEAD_6;43;425.33027933944135;430.33027933944135;deliverShipment;6970402890;1000;0;26.073016666666668;0.897617;7551.347316599999;85.03769500675675;8880.0;425.33027933944135;5.0;2
vehicle_LEAD_6;173;431.2597374805251;436.2597374805251;deliverShipment;6970402888;1000;0;26.073016666666668;0.94409;7482.557981999999;84.26304033783784;8880.0;431.2597374805251;5.0;3
vehicle_LEAD_6;141;437.65789468421065;442.65789468421065;deliverShipment;2244092187;1000;0;26.073016666666668;1.013998;7379.080160399999;83.09774955405405;8880.0;437.65789468421065;5.0;4
vehicle_LEAD_6;190;458.80752238495523;459.80752238495523;pickupShipment;6068627214;1000;0;26.073016666666668;1.8214810000000001;6183.843823799999;69.63788089864865;8880.0;458.80752238495523;1.0;D
vehicle_LEAD_6;146;459.80752238495523;460.80752238495523;pickupShipment;6068627214;1000;0;26.073016666666668;1.8214810000000001;6183.843823799999;69.63788089864865;8880.0;459.80752238495523;1.0;D
vehicle_LEAD_6;176;460.80752238495523;461.80752238495523;pickupShipment;6068627214;1000;0;26.073016666666668;1.8214810000000001;6183.843823799999;69.63788089864865;8880.0;460.80752238495523;1.0;D
vehicle_LEAD_6;92;461.80752238495523;462.80752238495523;pickupShipment;6068627214;1000;0;26.073016666666668;1.8214810000000001;6183.843823799999;69.63788089864865;8880.0;461.80752238495523;1.0;D
vehicle_LEAD_6;191;471.9540040919918;476.9540040919918;deliverShipment;5947881169;1000;0;26.073016666666668;2.278806;5506.911358799999;62.01476755405404;8880.0;471.9540040919918;5.0;1
vehicle_LEAD_6;147;476.9540040919918;481.9540040919918;deliverShipment;5947881169;1000;0;26.073016666666668;2.278806;5506.911358799999;62.01476755405404;8880.0;476.9540040919918;5.0;2
vehicle_LEAD_6;177;483.5986208027584;940.3833333333333;deliverShipment;3246517575;1000;0;26.073016666666668;2.361037;5385.193032599999;60.64406568243243;8880.0;483.5986208027584;456.78471253057495;3
vehicle_LEAD_6;93;940.3833333333333;1013.2;deliverShipment;3246517575;1000;0;26.073016666666668;2.361037;5385.193032599999;60.64406568243243;8880.0;940.3833333333333;72.81666666666672;4
vehicle_LEAD_6;102;1023.9910984178032;1024.9910984178032;pickupShipment;6068627214;1000;0;26.073016666666668;2.9005929999999998;4586.5422413999995;51.65025046621621;8880.0;1023.9910984178032;1.0;D
vehicle_LEAD_6;6;1024.9910984178032;1025.9910984178032;pickupShipment;6068627214;1000;0;26.073016666666668;2.9005929999999998;4586.5422413999995;51.65025046621621;8880.0;1024.9910984178032;1.0;D
vehicle_LEAD_6;148;1025.9910984178032;1026.9910984178032;pickupShipment;6068627214;1000;0;26.073016666666668;2.9005929999999998;4586.5422413999995;51.65025046621621;8880.0;1025.9910984178032;1.0;D
vehicle_LEAD_6;90;1026.9910984178032;1027.9910984178032;pickupShipment;6068627214;1000;0;26.073016666666668;2.9005929999999998;4586.5422413999995;51.65025046621621;8880.0;1026.9910984178032;1.0;D
vehicle_LEAD_6;7;1040.7611928776143;1084.8;deliverShipment;6921021577;1000;0;26.073016666666668;3.5390989999999998;3641.4256601999996;41.00704572297297;8880.0;1040.7611928776143;44.038807122385606;1
vehicle_LEAD_6;91;1090.4384287231426;1095.4384287231426;deliverShipment;2636357171;1000;0;26.073016666666668;3.8210209999999996;3224.1247157999996;36.30771076351351;8880.0;1090.4384287231426;5.0;2
vehicle_LEAD_6;103;1099.9597796804408;1206.0166666666667;deliverShipment;7017492283;1000;0;26.073016666666668;4.047089;2889.4988621999996;32.53940160135135;8880.0;1099.9597796804408;106.05688698622589;3
vehicle_LEAD_6;149;1216.5041256917486;1221.5041256917486;deliverShipment;6921021579;1000;0;26.073016666666668;4.571463;2113.3204674;23.79865391216216;8880.0;1216.5041256917486;5.0;4
vehicle_LEAD_6;50;1233.076302547395;1234.076302547395;pickupShipment;6068627214;1000;0;26.073016666666668;5.150072999999999;1256.8619454;14.153850736486486;8880.0;1233.076302547395;1.0;D
vehicle_LEAD_6;198;1234.076302547395;1235.076302547395;pickupShipment;6068627214;1000;0;26.073016666666668;5.150072999999999;1256.8619454;14.153850736486486;8880.0;1234.076302547395;1.0;D
vehicle_LEAD_6;1;1235.076302547395;1241.446611444506;recharge;6068627214;1000;0;26.073016666666668;5.150072999999999;1256.8619454;14.153850736486486;8880.0;1235.076302547395;6.370308897111045;r1
vehicle_LEAD_6;1;1235.076302547395;1241.446611444506;recharge;6068627214;1000;0;26.073016666666668;5.150072999999999;8880.0;100.0;8880.0;1235.076302547395;6.370308897111045;r2
vehicle_LEAD_6;70;1241.446611444506;1242.446611444506;pickupShipment;6068627214;1000;0;26.073016666666668;5.150072999999999;8880.0;100.0;8880.0;1241.446611444506;1.0;D
vehicle_LEAD_6;204;1242.446611444506;1243.446611444506;pickupShipment;6068627214;1000;0;26.073016666666668;5.150072999999999;8880.0;100.0;8880.0;1242.446611444506;1.0;D
vehicle_LEAD_6;71;1255.3610676155938;1260.3610676155938;deliverShipment;6970402910;1000;0;26.073016666666668;5.745796999999999;7998.2093352;90.06992494594594;8880.0;1255.3610676155938;5.0;1
vehicle_LEAD_6;205;1261.0091663193964;1266.0091663193964;deliverShipment;5273358484;1000;0;26.073016666666668;5.7782019999999985;7950.2434542;89.52976862837838;8880.0;1261.0091663193964;5.0;2
vehicle_LEAD_6;48;1278.5717211942867;1279.5717211942867;pickupShipment;6068627214;1000;0;26.073016666666668;6.406330999999998;7020.4869084;79.05953725675676;8880.0;1278.5717211942867;1.0;D
vehicle_LEAD_6;202;1279.5717211942867;1280.5717211942867;pickupShipment;6068627214;1000;0;26.073016666666668;6.406330999999998;7020.4869084;79.05953725675676;8880.0;1279.5717211942867;1.0;D
vehicle_LEAD_6;51;1286.4702893971503;1291.4702893971503;deliverShipment;25312133;1000;0;26.073016666666668;6.701259999999998;6583.9330026;74.14338966891891;8880.0;1286.4702893971503;5.0;1
vehicle_LEAD_6;199;1293.5791851793588;1298.5791851793588;deliverShipment;6297154743;1000;0;26.073016666666668;6.806704999999997;6427.8533136;72.38573551351351;8880.0;1293.5791851793588;5.0;2
vehicle_LEAD_6;49;1312.0329582718125;1317.0329582718125;deliverShipment;829114775;1000;0;26.073016666666668;7.479394999999997;5432.1375756;61.17272044594594;8880.0;1312.0329582718125;5.0;3
vehicle_LEAD_6;203;1317.0329582718125;1322.0329582718125;deliverShipment;829114775;1000;0;26.073016666666668;7.479394999999997;5432.1375756;61.17272044594594;8880.0;1317.0329582718125;5.0;4
vehicle_LEAD_6;-2;1337.5059473258343;0.0;end;6068627214;1000;0;26.073016666666668;8.253045999999998;4286.9793654;48.2767946554054;8880.0;1337.5059473258343;-1337.5059473258343;end
vehicle_LEAD_7;-1;0.0;0.0;start;6068627214;1000;0;26.073016666666668;0.0;8880.0;100.0;8880.0;0.0;0.0;start
vehicle_LEAD_7;130;0.0;1.0;pickupShipment;6068627214;1000;0;26.073016666666668;0.0;8880.0;100.0;8880.0;0.0;1.0;D
vehicle_LEAD_7;131;2.519256961486077;425.0;deliverShipment;917183790;1000;0;26.073016666666668;0.07596299999999999;8767.5595674;98.73377891216217;8880.0;2.519256961486077;422.48074303851394;1
vehicle_LEAD_7;226;426.51925696148606;427.51925696148606;pickupShipment;6068627214;1000;0;26.073016666666668;0.15192599999999998;8655.1191348;97.46755782432432;8880.0;426.51925696148606;1.0;D
vehicle_LEAD_7;216;427.51925696148606;428.51925696148606;pickupShipment;6068627214;1000;0;26.073016666666668;0.15192599999999998;8655.1191348;97.46755782432432;8880.0;427.51925696148606;1.0;D
vehicle_LEAD_7;242;428.51925696148606;429.51925696148606;pickupShipment;6068627214;1000;0;26.073016666666668;0.15192599999999998;8655.1191348;97.46755782432432;8880.0;428.51925696148606;1.0;D
vehicle_LEAD_7;154;429.51925696148606;430.51925696148606;pickupShipment;6068627214;1000;0;26.073016666666668;0.15192599999999998;8655.1191348;97.46755782432432;8880.0;429.51925696148606;1.0;D
vehicle_LEAD_7;227;454.89416821166355;459.89416821166355;deliverShipment;27503215;1000;0;26.073016666666668;1.370674;6851.128345199999;77.15234622972972;8880.0;454.89416821166355;5.0;1
vehicle_LEAD_7;217;459.89416821166355;464.89416821166355;deliverShipment;27503215;1000;0;26.073016666666668;1.370674;6851.128345199999;77.15234622972972;8880.0;459.89416821166355;5.0;2
vehicle_LEAD_7;243;470.84795630408735;475.84795630408735;deliverShipment;2336249518;1000;0;26.073016666666668;1.668364;6410.487607199999;72.19017575675674;8880.0;470.84795630408735;5.0;3
vehicle_LEAD_7;155;475.84795630408735;984.3833333333333;deliverShipment;2336249518;1000;0;26.073016666666668;1.668364;6410.487607199999;72.19017575675674;8880.0;475.84795630408735;508.535377029246;4
vehicle_LEAD_7;96;1002.806096487807;1003.806096487807;pickupShipment;6068627214;1000;0;26.073016666666668;2.589504;5047.016179199999;56.83576778378377;8880.0;1002.806096487807;1.0;D
vehicle_LEAD_7;100;1003.806096487807;1004.806096487807;pickupShipment;6068627214;1000;0;26.073016666666668;2.589504;5047.016179199999;56.83576778378377;8880.0;1003.806096487807;1.0;D
vehicle_LEAD_7;122;1004.806096487807;1005.806096487807;pickupShipment;6068627214;1000;0;26.073016666666668;2.589504;5047.016179199999;56.83576778378377;8880.0;1004.806096487807;1.0;D
vehicle_LEAD_7;168;1005.806096487807;1006.806096487807;pickupShipment;6068627214;1000;0;26.073016666666668;2.589504;5047.016179199999;56.83576778378377;8880.0;1005.806096487807;1.0;D
vehicle_LEAD_7;123;1013.4537831924337;1031.65;deliverShipment;5947847671;1000;0;26.073016666666668;2.9218889999999997;4555.019902199999;51.2952691689189;8880.0;1013.4537831924337;18.19621680756643;1
vehicle_LEAD_7;169;1031.883619532761;1036.883619532761;deliverShipment;5947847670;1000;0;26.073016666666668;2.9335699999999996;4537.729685999999;51.10055952702701;8880.0;1031.883619532761;5.0;2
vehicle_LEAD_7;101;1037.117239065522;1042.117239065522;deliverShipment;5947847671;1000;0;26.073016666666668;2.9452509999999994;4520.439469799999;50.905849885135126;8880.0;1037.117239065522;5.0;3
vehicle_LEAD_7;210;1048.7649257701485;1049.7649257701485;pickupShipment;6068627214;1000;0;26.073016666666668;3.2776359999999993;4028.4431927999985;45.36535127027025;8880.0;1048.7649257701485;1.0;D
vehicle_LEAD_7;156;1049.7649257701485;1050.7649257701485;pickupShipment;6068627214;1000;0;26.073016666666668;3.2776359999999993;4028.4431927999985;45.36535127027025;8880.0;1049.7649257701485;1.0;D
vehicle_LEAD_7;78;1050.7649257701485;1051.7649257701485;pickupShipment;6068627214;1000;0;26.073016666666668;3.2776359999999993;4028.4431927999985;45.36535127027025;8880.0;1050.7649257701485;1.0;D
vehicle_LEAD_7;79;1065.4742583514833;1070.4742583514833;deliverShipment;25312126;1000;0;26.073016666666668;3.9631039999999995;3013.8134591999988;33.93934075675674;8880.0;1065.4742583514833;5.0;1
vehicle_LEAD_7;157;1075.2630687738624;1080.2630687738624;deliverShipment;5947847646;1000;0;26.073016666666668;4.202545;2659.3928909999986;29.94811814189188;8880.0;1075.2630687738624;5.0;2
vehicle_LEAD_7;211;1083.0096232807534;1088.0096232807534;deliverShipment;5947847653;1000;0;26.073016666666668;4.339873;2456.1199853999988;27.65900884459458;8880.0;1083.0096232807534;5.0;3
vehicle_LEAD_7;97;1092.7899537200926;1097.7899537200926;deliverShipment;5947847660;1000;0;26.073016666666668;4.5788899999999995;2102.3270219999986;23.674853851351337;8880.0;1092.7899537200926;5.0;4
vehicle_LEAD_7;224;1107.12873504253;1108.12873504253;pickupShipment;6068627214;1000;0;26.073016666666668;5.04583;1411.1624339999985;15.891468851351334;8880.0;1107.12873504253;1.0;D
vehicle_LEAD_7;4;1108.12873504253;1109.12873504253;pickupShipment;6068627214;1000;0;26.073016666666668;5.04583;1411.1624339999985;15.891468851351334;8880.0;1108.12873504253;1.0;D
vehicle_LEAD_7;158;1109.12873504253;1110.12873504253;pickupShipment;6068627214;1000;0;26.073016666666668;5.04583;1411.1624339999985;15.891468851351334;8880.0;1109.12873504253;1.0;D
vehicle_LEAD_7;194;1110.12873504253;1111.12873504253;pickupShipment;6068627214;1000;0;26.073016666666668;5.04583;1411.1624339999985;15.891468851351334;8880.0;1110.12873504253;1.0;D
vehicle_LEAD_7;1;1111.12873504253;1118.2811041961033;recharge;6068627214;1000;0;26.073016666666668;5.04583;1411.1624339999985;15.891468851351334;8880.0;1111.12873504253;7.152369153573318;r1
vehicle_LEAD_7;1;1111.12873504253;1118.2811041961033;recharge;6068627214;1000;0;26.073016666666668;5.04583;8880.0;100.0;8880.0;1111.12873504253;7.152369153573318;r2
vehicle_LEAD_7;240;1118.2811041961033;1119.2811041961033;pickupShipment;6068627214;1000;0;26.073016666666668;5.04583;8880.0;100.0;8880.0;1118.2811041961033;1.0;D
vehicle_LEAD_7;5;1125.94215087401;1130.94215087401;deliverShipment;5947847669;1000;0;26.073016666666668;5.378882999999999;8387.0149494;94.4483665472973;8880.0;1125.94215087401;5.0;1
vehicle_LEAD_7;241;1139.8741930099256;1182.05;deliverShipment;7363009585;1000;0;26.073016666666668;5.825485999999999;7725.9531888;87.00397735135135;8880.0;1139.8741930099256;42.17580699007431;2
vehicle_LEAD_7;195;1182.9997981004037;1187.9997981004037;deliverShipment;6929508856;1000;0;26.073016666666668;5.872975999999999;7655.6584908;86.2123703918919;8880.0;1182.9997981004037;5.0;3
vehicle_LEAD_7;159;1192.7012486975025;1197.7012486975025;deliverShipment;5947847669;1000;0;26.073016666666668;6.1080489999999985;7307.7034362;82.29395761486487;8880.0;1192.7012486975025;5.0;4
vehicle_LEAD_7;225;1200.571562956874;1205.571562956874;deliverShipment;5947847668;1000;0;26.073016666666668;6.2515649999999985;7095.271053;79.90170104729731;8880.0;1200.571562956874;5.0;5
vehicle_LEAD_7;-2;1209.362295375409;0.0;end;6068627214;1000;0;26.073016666666668;6.441101999999998;6814.7183856;76.74232416216216;8880.0;1209.362295375409;-1209.362295375409;end
vehicle_LEAD_8;-1;0.0;0.0;start;6068627214;1000;0;26.073016666666668;0.0;8880.0;100.0;8880.0;0.0;0.0;start
vehicle_LEAD_8;200;0.0;1.0;pickupShipment;6068627214;1000;0;26.073016666666668;0.0;8880.0;100.0;8880.0;0.0;1.0;D
vehicle_LEAD_8;110;1.0;2.0;pickupShipment;6068627214;1000;0;26.073016666666668;0.0;8880.0;100.0;8880.0;1.0;1.0;D
vehicle_LEAD_8;14;2.0;3.0;pickupShipment;6068627214;1000;0;26.073016666666668;0.0;8880.0;100.0;8880.0;2.0;1.0;D
vehicle_LEAD_8;180;3.0;4.0;pickupShipment;6068627214;1000;0;26.073016666666668;0.0;8880.0;100.0;8880.0;3.0;1.0;D
vehicle_LEAD_8;201;16.77925444149112;425.0;deliverShipment;35678578;1000;0;26.073016666666668;0.638964;7934.2054872;89.34916089189188;8880.0;16.77925444149112;408.2207455585089;1
vehicle_LEAD_8;15;426.9727760544479;431.9727760544479;deliverShipment;1384090139;1000;0;26.073016666666668;0.737603;7788.2000394;87.70495539864865;8880.0;426.9727760544479;5.0;2
vehicle_LEAD_8;111;433.8045323909352;438.8045323909352;deliverShipment;2244471203;1000;0;26.073016666666668;0.829191;7652.6314818;86.1782824527027;8880.0;433.8045323909352;5.0;3
vehicle_LEAD_8;8;453.4746630506739;454.4746630506739;pickupShipment;6068627214;1000;0;26.073016666666668;1.5626989999999998;6566.8929402;73.95149707432432;8880.0;453.4746630506739;1.0;D
vehicle_LEAD_8;178;454.4746630506739;455.4746630506739;pickupShipment;6068627214;1000;0;26.073016666666668;1.5626989999999998;6566.8929402;73.95149707432432;8880.0;454.4746630506739;1.0;D
vehicle_LEAD_8;64;455.4746630506739;456.4746630506739;pickupShipment;6068627214;1000;0;26.073016666666668;1.5626989999999998;6566.8929402;73.95149707432432;8880.0;455.4746630506739;1.0;D
vehicle_LEAD_8;65;473.72146855706285;478.72146855706285;deliverShipment;6970402906;1000;0;26.073016666666668;2.425041;5290.4543118;59.57718819594595;8880.0;473.72146855706285;5.0;1
vehicle_LEAD_8;9;479.0828278343443;484.0828278343443;deliverShipment;6970402907;1000;0;26.073016666666668;2.4431089999999998;5263.7100582;59.27601416891892;8880.0;479.0828278343443;5.0;2
vehicle_LEAD_8;179;484.0828278343443;489.0828278343443;deliverShipment;6970402907;1000;0;26.073016666666668;2.4431089999999998;5263.7100582;59.27601416891892;8880.0;484.0828278343443;5.0;3
vehicle_LEAD_8;181;492.0312019375961;497.0312019375961;deliverShipment;34815653;1000;0;26.073016666666668;2.590528;5045.5004544;56.81869881081082;8880.0;492.0312019375961;5.0;4
vehicle_LEAD_8;228;511.28929342141316;512.2892934214132;pickupShipment;6068627214;1000;0;26.073016666666668;3.303434;3990.2569932;44.9353265;8880.0;511.28929342141316;1.0;D
vehicle_LEAD_8;52;512.2892934214132;513.2892934214132;pickupShipment;6068627214;1000;0;26.073016666666668;3.303434;3990.2569932;44.9353265;8880.0;512.2892934214132;1.0;D
vehicle_LEAD_8;144;513.2892934214132;514.2892934214132;pickupShipment;6068627214;1000;0;26.073016666666668;3.303434;3990.2569932;44.9353265;8880.0;513.2892934214132;1.0;D
vehicle_LEAD_8;236;514.2892934214132;515.2892934214132;pickupShipment;6068627214;1000;0;26.073016666666668;3.303434;3990.2569932;44.9353265;8880.0;514.2892934214132;1.0;D
vehicle_LEAD_8;53;518.9300461399077;523.9300461399077;deliverShipment;25312137;1000;0;26.073016666666668;3.485472;3720.8043456;41.900949837837835;8880.0;518.9300461399077;5.0;1
vehicle_LEAD_8;88;527.5707988584023;528.5707988584023;pickupShipment;6068627214;1000;0;26.073016666666668;3.66751;3451.351698;38.866573175675676;8880.0;527.5707988584023;1.0;D
vehicle_LEAD_8;89;546.9779820440359;551.9779820440359;deliverShipment;6842687749;1000;0;26.073016666666668;4.587871;2089.0333458;23.52515029054054;8880.0;546.9779820440359;5.0;1
vehicle_LEAD_8;145;563.0959998080003;617.4;deliverShipment;25312123;1000;0;26.073016666666668;5.1437729999999995;1266.1872054;14.258864925675677;8880.0;563.0959998080003;54.30400019199965;2
vehicle_LEAD_8;229;617.4;622.4;deliverShipment;25312123;1000;0;26.073016666666668;5.1437729999999995;1266.1872054;14.258864925675677;8880.0;617.4;5.0;3
vehicle_LEAD_8;237;625.0722746554507;630.0722746554507;deliverShipment;25312138;1000;0;26.073016666666668;5.277386999999999;1068.4117626;12.031663993243242;8880.0;625.0722746554507;5.0;4
vehicle_LEAD_8;76;636.3036621926756;637.3036621926756;pickupShipment;6068627214;1000;0;26.073016666666668;5.588956999999999;607.2258486000001;6.838128925675677;8880.0;636.3036621926756;1.0;D
vehicle_LEAD_8;1;637.3036621926756;640.3813400872524;recharge;6068627214;1000;0;26.073016666666668;5.588956999999999;607.2258486000001;6.838128925675677;8880.0;637.3036621926756;3.077677894576823;r1
vehicle_LEAD_8;1;637.3036621926756;640.3813400872524;recharge;6068627214;1000;0;26.073016666666668;5.588956999999999;8880.0;100.0;8880.0;637.3036621926756;3.077677894576823;r2
vehicle_LEAD_8;18;640.3813400872524;641.3813400872524;pickupShipment;6068627214;1000;0;26.073016666666668;5.588956999999999;8880.0;100.0;8880.0;640.3813400872524;1.0;D
vehicle_LEAD_8;142;641.3813400872524;642.3813400872524;pickupShipment;6068627214;1000;0;26.073016666666668;5.588956999999999;8880.0;100.0;8880.0;641.3813400872524;1.0;D
vehicle_LEAD_8;212;642.3813400872524;643.3813400872524;pickupShipment;6068627214;1000;0;26.073016666666668;5.588956999999999;8880.0;100.0;8880.0;642.3813400872524;1.0;D
vehicle_LEAD_8;77;660.9841248816828;665.9841248816828;deliverShipment;5947847652;1000;0;26.073016666666668;6.469097999999999;7577.2152918;85.32900103378378;8880.0;660.9841248816828;5.0;1
vehicle_LEAD_8;19;665.9841248816828;718.1166666666667;deliverShipment;5947847652;1000;0;26.073016666666668;6.469097999999999;7577.2152918;85.32900103378378;8880.0;665.9841248816828;52.132541784983914;2
vehicle_LEAD_8;213;719.9907429185141;724.9907429185141;deliverShipment;277645033;1000;0;26.073016666666668;6.562801999999999;7438.514631;83.7670566554054;8880.0;719.9907429185141;5.0;3
vehicle_LEAD_8;143;728.2416364167271;1061.0;deliverShipment;7362966881;1000;0;26.073016666666668;6.725346999999998;7197.915522;81.05760722972974;8880.0;728.2416364167271;332.75836358327285;4
vehicle_LEAD_8;208;1081.3899592200817;1082.3899592200817;pickupShipment;6068627214;1000;0;26.073016666666668;7.744846999999998;5688.851622;64.0636443918919;8880.0;1081.3899592200817;1.0;D
vehicle_LEAD_8;128;1082.3899592200817;1083.3899592200817;pickupShipment;6068627214;1000;0;26.073016666666668;7.744846999999998;5688.851622;64.0636443918919;8880.0;1082.3899592200817;1.0;D
vehicle_LEAD_8;124;1083.3899592200817;1084.3899592200817;pickupShipment;6068627214;1000;0;26.073016666666668;7.744846999999998;5688.851622;64.0636443918919;8880.0;1083.3899592200817;1.0;D
vehicle_LEAD_8;32;1084.3899592200817;1085.3899592200817;pickupShipment;6068627214;1000;0;26.073016666666668;7.744846999999998;5688.851622;64.0636443918919;8880.0;1084.3899592200817;1.0;D
vehicle_LEAD_8;129;1101.4881670236662;1182.8166666666666;deliverShipment;4574272247;1000;0;26.073016666666668;8.549758999999998;4497.4208796;50.64663152702703;8880.0;1101.4881670236662;81.32849964300044;1
vehicle_LEAD_8;125;1182.8166666666666;1187.8166666666666;deliverShipment;4574272247;1000;0;26.073016666666668;8.549758999999998;4497.4208796;50.64663152702703;8880.0;1182.8166666666666;5.0;2
vehicle_LEAD_8;209;1197.0674281651436;1202.0674281651436;deliverShipment;27503216;1000;0;26.073016666666668;9.012297999999998;3812.7706518000005;42.9366064391892;8880.0;1197.0674281651436;5.0;3
vehicle_LEAD_8;33;1205.9251804496391;1210.9251804496391;deliverShipment;6970402888;1000;0;26.073016666666668;9.205185999999998;3527.2578342000006;39.72137200675676;8880.0;1205.9251804496391;5.0;4
vehicle_LEAD_8;-2;1227.9405864188273;0.0;end;6068627214;1000;0;26.073016666666668;10.055957999999997;2267.9451198000006;25.539922520270274;8880.0;1227.9405864188273;-1227.9405864188273;end
vehicle_LEAD_9;-1;0.0;0.0;start;6068627214;1000;0;26.073016666666668;0.0;8880.0;100.0;8880.0;0.0;0.0;start
vehicle_LEAD_9;22;0.0;1.0;pickupShipment;6068627214;1000;0;26.073016666666668;0.0;8880.0;100.0;8880.0;0.0;1.0;D
vehicle_LEAD_9;82;1.0;2.0;pickupShipment;6068627214;1000;0;26.073016666666668;0.0;8880.0;100.0;8880.0;1.0;1.0;D
vehicle_LEAD_9;28;2.0;3.0;pickupShipment;6068627214;1000;0;26.073016666666668;0.0;8880.0;100.0;8880.0;2.0;1.0;D
vehicle_LEAD_9;106;3.0;4.0;pickupShipment;6068627214;1000;0;26.073016666666668;0.0;8880.0;100.0;8880.0;3.0;1.0;D
vehicle_LEAD_9;29;15.572176855646285;425.0;deliverShipment;6921021579;1000;0;26.073016666666668;0.5786099999999998;8023.541478;90.35519682432432;8880.0;15.572176855646285;409.42782314435374;1
vehicle_LEAD_9;107;429.8908502182996;434.8908502182996;deliverShipment;2175345501;1000;0;26.073016666666668;0.8231529999999998;7661.5689294;86.27892938513514;8880.0;429.8908502182996;5.0;2
vehicle_LEAD_9;40;446.75604648790704;447.75604648790704;pickupShipment;6068627214;1000;0;26.073016666666668;1.4164139999999998;6783.4239972000005;76.38990987837838;8880.0;446.75604648790704;1.0;D
vehicle_LEAD_9;222;447.75604648790704;448.75604648790704;pickupShipment;6068627214;1000;0;26.073016666666668;1.4164139999999998;6783.4239972000005;76.38990987837838;8880.0;447.75604648790704;1.0;D
vehicle_LEAD_9;41;469.93120413759175;474.93120413759175;deliverShipment;6970402902;1000;0;26.073016666666668;2.475174;5216.247445200001;58.741525283783794;8880.0;469.93120413759175;5.0;1
vehicle_LEAD_9;83;477.47261905476194;482.47261905476194;deliverShipment;6921021573;1000;0;26.073016666666668;2.602245;5028.156951000001;56.62338908783785;8880.0;477.47261905476194;5.0;2
vehicle_LEAD_9;23;484.9534340931319;489.9534340931319;deliverShipment;6970402896;1000;0;26.073016666666668;2.726286;4844.551462800001;54.55575971621622;8880.0;484.9534340931319;5.0;3
vehicle_LEAD_9;223;497.67351865296274;697.3;deliverShipment;25312126;1000;0;26.073016666666668;3.112291;4273.186861800001;48.12147366891893;8880.0;497.67351865296274;199.6264813470372;4
vehicle_LEAD_9;104;711.0093325813348;712.0093325813348;pickupShipment;6068627214;1000;0;26.073016666666668;3.797759;3258.557128200001;36.69546315540542;8880.0;711.0093325813348;1.0;D
vehicle_LEAD_9;1;712.0093325813348;728.5250808236054;recharge;6068627214;1000;0;26.073016666666668;3.797759;3258.557128200001;36.69546315540542;8880.0;712.0093325813348;16.51574824227066;r1
vehicle_LEAD_9;1;712.0093325813348;728.5250808236054;recharge;6068627214;1000;0;26.073016666666668;3.797759;8880.0;100.0;8880.0;712.0093325813348;16.51574824227066;r2
vehicle_LEAD_9;136;728.5250808236054;729.5250808236054;pickupShipment;6068627214;1000;0;26.073016666666668;3.797759;8880.0;100.0;8880.0;728.5250808236054;1.0;D
vehicle_LEAD_9;234;729.5250808236054;730.5250808236054;pickupShipment;6068627214;1000;0;26.073016666666668;3.797759;8880.0;100.0;8880.0;729.5250808236054;1.0;D
vehicle_LEAD_9;108;730.5250808236054;731.5250808236054;pickupShipment;6068627214;1000;0;26.073016666666668;3.797759;8880.0;100.0;8880.0;730.5250808236054;1.0;D
vehicle_LEAD_9;105;750.9639419458832;755.9639419458832;deliverShipment;6970402893;1000;0;26.073016666666668;4.769704;7441.327010999999;83.79872760135135;8880.0;750.9639419458832;5.0;1
vehicle_LEAD_9;109;755.9639419458832;763.0;deliverShipment;6970402893;1000;0;26.073016666666668;4.769704;7441.327010999999;83.79872760135135;8880.0;755.9639419458832;7.036058054116779;2
vehicle_LEAD_9;235;763.0;768.0;deliverShipment;6970402893;1000;0;26.073016666666668;4.769704;7441.327010999999;83.79872760135135;8880.0;763.0;5.0;3
vehicle_LEAD_9;137;768.0;773.0;deliverShipment;6970402893;1000;0;26.073016666666668;4.769704;7441.327010999999;83.79872760135135;8880.0;768.0;5.0;4
vehicle_LEAD_9;196;792.4388611222778;793.4388611222778;pickupShipment;6068627214;1000;0;26.073016666666668;5.741649;6002.654021999999;67.59745520270269;8880.0;792.4388611222778;1.0;D
vehicle_LEAD_9;118;793.4388611222778;794.4388611222778;pickupShipment;6068627214;1000;0;26.073016666666668;5.741649;6002.654021999999;67.59745520270269;8880.0;793.4388611222778;1.0;D
vehicle_LEAD_9;72;794.4388611222778;795.4388611222778;pickupShipment;6068627214;1000;0;26.073016666666668;5.741649;6002.654021999999;67.59745520270269;8880.0;794.4388611222778;1.0;D
vehicle_LEAD_9;58;795.4388611222778;796.4388611222778;pickupShipment;6068627214;1000;0;26.073016666666668;5.741649;6002.654021999999;67.59745520270269;8880.0;795.4388611222778;1.0;D
vehicle_LEAD_9;59;813.2931274137452;1228.4833333333333;deliverShipment;34815656;1000;0;26.073016666666668;6.584364;4755.267278999999;53.55030719594593;8880.0;813.2931274137452;415.19020591958815;1
vehicle_LEAD_9;119;1231.659546980906;1236.659546980906;deliverShipment;5109779163;1000;0;26.073016666666668;6.743175;4520.195236799998;50.903099513513496;8880.0;1231.659546980906;5.0;2
vehicle_LEAD_9;197;1242.0767561464877;1247.0767561464877;deliverShipment;1754647299;1000;0;26.073016666666668;7.014036;4119.266784599999;46.3881394662162;8880.0;1242.0767561464877;5.0;3
vehicle_LEAD_9;73;1252.4939653120693;1257.4939653120693;deliverShipment;5109779163;1000;0;26.073016666666668;7.284897;3718.3383323999988;41.8731794189189;8880.0;1252.4939653120693;5.0;4
vehicle_LEAD_9;184;1277.5447852104296;1278.5447852104296;pickupShipment;6068627214;1000;0;26.073016666666668;8.28744;2234.3741837999987;25.161871439189177;8880.0;1277.5447852104296;1.0;D
vehicle_LEAD_9;2;1278.5447852104296;1279.5447852104296;pickupShipment;6068627214;1000;0;26.073016666666668;8.28744;2234.3741837999987;25.161871439189177;8880.0;1278.5447852104296;1.0;D
vehicle_LEAD_9;80;1279.5447852104296;1280.5447852104296;pickupShipment;6068627214;1000;0;26.073016666666668;8.28744;2234.3741837999987;25.161871439189177;8880.0;1279.5447852104296;1.0;D
vehicle_LEAD_9;112;1280.5447852104296;1281.5447852104296;pickupShipment;6068627214;1000;0;26.073016666666668;8.28744;2234.3741837999987;25.161871439189177;8880.0;1280.5447852104296;1.0;D
vehicle_LEAD_9;81;1288.0107322785354;1293.0107322785354;deliverShipment;5947847663;1000;0;26.073016666666668;8.610738;1755.828484199999;19.77284329054053;8880.0;1288.0107322785354;5.0;1
vehicle_LEAD_9;113;1295.883566532867;1300.883566532867;deliverShipment;5947847660;1000;0;26.073016666666668;8.75438;1543.2095957999989;17.378486439189174;8880.0;1295.883566532867;5.0;2
vehicle_LEAD_9;185;1307.2095138809723;1312.2095138809723;deliverShipment;35678668;1000;0;26.073016666666668;9.070678;1075.0252961999988;12.10614072297296;8880.0;1307.2095138809723;5.0;3
vehicle_LEAD_9;3;1314.5711491577017;1319.5711491577017;deliverShipment;4574272245;1000;0;26.073016666666668;9.188759999999998;900.2403197999988;10.137841439189176;8880.0;1314.5711491577017;5.0;4
vehicle_LEAD_9;-2;1326.868094563811;0.0;end;6068627214;1000;0;26.073016666666668;9.553607999999999;360.19231019999893;4.056219709459447;8880.0;1326.868094563811;-1326.868094563811;end
