vehicle_id;activity_index;arrival_time;end_time;name;location_id;iterations;unassigned_jobs;runtime;distance;SoC;SoC %;Maximum Range;TimeStamp;Duration;Activity_counter
vehicle_LEAD_2;-1;0.0;0.0;start;6068627214;1000;0;32.60496666666667;0.0;8880.0;100.0;8880.0;0.0;0.0;start
vehicle_LEAD_2;116;0.0;1.0;pickupShipment;6068627214;1000;0;32.60496666666667;0.0;8880.0;100.0;8880.0;0.0;1.0;D
vehicle_LEAD_2;128;1.0;2.0;pickupShipment;6068627214;1000;0;32.60496666666667;0.0;8880.0;100.0;8880.0;1.0;1.0;D
vehicle_LEAD_2;182;2.0;3.0;pickupShipment;6068627214;1000;0;32.60496666666667;0.0;8880.0;100.0;8880.0;2.0;1.0;D
vehicle_LEAD_2;130;3.0;4.0;pickupShipment;6068627214;1000;0;32.60496666666667;0.0;8880.0;100.0;8880.0;3.0;1.0;D
vehicle_LEAD_2;129;25.84555630888738;425.0;deliverShipment;1581680176;1000;0;32.60496666666667;1.09228;7263.207144;81.79287324324325;8880.0;25.84555630888738;399.15444369111265;1
vehicle_LEAD_2;183;425.0;430.0;deliverShipment;1581680176;1000;0;32.60496666666667;1.09228;7263.207144;81.79287324324325;8880.0;425.0;5.0;2
vehicle_LEAD_2;131;430.1719396561207;435.1719396561207;deliverShipment;16564347;1000;0;32.60496666666667;1.1008769999999999;7250.4818646;81.6495705472973;8880.0;430.1719396561207;5.0;3
vehicle_LEAD_2;117;438.11887376225246;443.11887376225246;deliverShipment;4732532621;1000;0;32.60496666666667;1.2482239999999998;7032.3788352;79.19345535135135;8880.0;438.11887376225246;5.0;4
vehicle_LEAD_2;70;465.4143891712216;466.4143891712216;pickupShipment;6068627214;1000;0;32.60496666666667;2.363002;5382.2844396;60.611311256756764;8880.0;465.4143891712216;1.0;D
vehicle_LEAD_2;224;466.4143891712216;467.4143891712216;pickupShipment;6068627214;1000;0;32.60496666666667;2.363002;5382.2844396;60.611311256756764;8880.0;466.4143891712216;1.0;D
vehicle_LEAD_2;152;467.4143891712216;468.4143891712216;pickupShipment;6068627214;1000;0;32.60496666666667;2.363002;5382.2844396;60.611311256756764;8880.0;467.4143891712216;1.0;D
vehicle_LEAD_2;12;468.4143891712216;469.4143891712216;pickupShipment;6068627214;1000;0;32.60496666666667;2.363002;5382.2844396;60.611311256756764;8880.0;468.4143891712216;1.0;D
vehicle_LEAD_2;225;486.32373535252924;491.32373535252924;deliverShipment;34815654;1000;0;32.60496666666667;3.208471;4130.8212258;46.518257047297304;8880.0;486.32373535252924;5.0;1
vehicle_LEAD_2;153;491.32373535252924;496.32373535252924;deliverShipment;34815654;1000;0;32.60496666666667;3.208471;4130.8212258;46.518257047297304;8880.0;491.32373535252924;5.0;2
vehicle_LEAD_2;13;496.32373535252924;501.32373535252924;deliverShipment;34815654;1000;0;32.60496666666667;3.208471;4130.8212258;46.518257047297304;8880.0;496.32373535252924;5.0;3
vehicle_LEAD_2;28;518.2330815338369;519.2330815338369;pickupShipment;6068627214;1000;0;32.60496666666667;4.05394;2879.3580120000006;32.425202837837844;8880.0;518.2330815338369;1.0;D
vehicle_LEAD_2;29;519.2330815338369;524.2330815338369;deliverShipment;6068627214;1000;0;32.60496666666667;4.05394;2879.3580120000006;32.425202837837844;8880.0;519.2330815338369;5.0;1
vehicle_LEAD_2;124;524.2330815338369;525.2330815338369;pickupShipment;6068627214;1000;0;32.60496666666667;4.05394;2879.3580120000006;32.425202837837844;8880.0;524.2330815338369;1.0;D
vehicle_LEAD_2;125;525.2330815338369;714.1166666666667;deliverShipment;6068627214;1000;0;32.60496666666667;4.05394;2879.3580120000006;32.425202837837844;8880.0;525.2330815338369;188.8835851328298;1
vehicle_LEAD_2;40;714.1166666666667;715.1166666666667;pickupShipment;6068627214;1000;0;32.60496666666667;4.05394;2879.3580120000006;32.425202837837844;8880.0;714.1166666666667;1.0;D
vehicle_LEAD_2;244;715.1166666666667;716.1166666666667;pickupShipment;6068627214;1000;0;32.60496666666667;4.05394;2879.3580120000006;32.425202837837844;8880.0;715.1166666666667;1.0;D
vehicle_LEAD_2;164;716.1166666666667;717.1166666666667;pickupShipment;6068627214;1000;0;32.60496666666667;4.05394;2879.3580120000006;32.425202837837844;8880.0;716.1166666666667;1.0;D
vehicle_LEAD_2;41;731.3747581504837;736.3747581504837;deliverShipment;34815653;1000;0;32.60496666666667;4.766846;1824.1145508000004;20.541830527027034;8880.0;731.3747581504837;5.0;1
vehicle_LEAD_2;71;738.8187532624935;743.8187532624935;deliverShipment;6970402888;1000;0;32.60496666666667;4.8890460000000004;1643.2341108000005;18.504888635135142;8880.0;738.8187532624935;5.0;2
vehicle_LEAD_2;245;743.9798929402141;748.9798929402141;deliverShipment;34815656;1000;0;32.60496666666667;4.897103;1631.3081394000005;18.37058715540541;8880.0;743.9798929402141;5.0;3
vehicle_LEAD_2;165;752.4943459113082;765.8333333333334;deliverShipment;27503208;1000;0;32.60496666666667;5.072826;1371.2029548000005;15.441474716216222;8880.0;752.4943459113082;13.338987422025184;4
vehicle_LEAD_2;146;781.0395029209942;782.0395029209942;pickupShipment;6068627214;1000;0;32.60496666666667;5.833136;245.79209280000032;2.7679289729729764;8880.0;781.0395029209942;1.0;D
vehicle_LEAD_2;14;782.0395029209942;783.0395029209942;pickupShipment;6068627214;1000;0;32.60496666666667;5.833136;245.79209280000032;2.7679289729729764;8880.0;782.0395029209942;1.0;D
vehicle_LEAD_2;1;783.0395029209942;784.285281394385;recharge;6068627214;1000;0;32.60496666666667;5.833136;245.79209280000032;2.7679289729729764;8880.0;783.0395029209942;1.2457784733908284;r1
vehicle_LEAD_2;1;783.0395029209942;784.285281394385;recharge;6068627214;1000;0;32.60496666666667;5.833136;8880.0;100.0;8880.0;783.0395029209942;1.2457784733908284;r2
vehicle_LEAD_2;90;784.285281394385;785.285281394385;pickupShipment;6068627214;1000;0;32.60496666666667;5.833136;8880.0;100.0;8880.0;784.285281394385;1.0;D
vehicle_LEAD_2;176;785.285281394385;786.285281394385;pickupShipment;6068627214;1000;0;32.60496666666667;5.833136;8880.0;100.0;8880.0;785.285281394385;1.0;D
vehicle_LEAD_2;177;788.5590768467941;793.5590768467941;deliverShipment;7650369684;1000;0;32.60496666666667;5.946826;8711.716062;98.1049106081081;8880.0;788.5590768467941;5.0;1
vehicle_LEAD_2;72;795.8328722992032;796.8328722992032;pickupShipment;6068627214;1000;0;32.60496666666667;6.060516;8543.432123999999;96.20982121621621;8880.0;795.8328722992032;1.0;D
vehicle_LEAD_2;15;800.6236047177384;1105.2;deliverShipment;5947847668;1000;0;32.60496666666667;6.250052999999999;8262.8794566;93.05044433108107;8880.0;800.6236047177384;304.5763952822616;1
vehicle_LEAD_2;206;1108.9907324185351;1109.9907324185351;pickupShipment;6068627214;1000;0;32.60496666666667;6.439589999999999;7982.326789199999;89.89106744594594;8880.0;1108.9907324185351;1.0;D
vehicle_LEAD_2;207;1128.2724958550082;1133.2724958550082;deliverShipment;6872884066;1000;0;32.60496666666667;7.353679999999999;6629.2907712;74.65417535135134;8880.0;1128.2724958550082;5.0;1
vehicle_LEAD_2;91;1142.4091775816448;1147.4091775816448;deliverShipment;5947847660;1000;0;32.60496666666667;7.810514999999999;5953.083604199999;67.03922977702702;8880.0;1142.4091775816448;5.0;2
vehicle_LEAD_2;73;1147.4091775816448;1152.4091775816448;deliverShipment;5947847660;1000;0;32.60496666666667;7.810514999999999;5953.083604199999;67.03922977702702;8880.0;1147.4091775816448;5.0;3
vehicle_LEAD_2;210;1161.7479589040822;1162.7479589040822;pickupShipment;6068627214;1000;0;32.60496666666667;8.277454999999998;5261.9190161999995;59.25584477702702;8880.0;1161.7479589040822;1.0;D
vehicle_LEAD_2;138;1162.7479589040822;1163.7479589040822;pickupShipment;6068627214;1000;0;32.60496666666667;8.277454999999998;5261.9190161999995;59.25584477702702;8880.0;1162.7479589040822;1.0;D
vehicle_LEAD_2;216;1163.7479589040822;1164.7479589040822;pickupShipment;6068627214;1000;0;32.60496666666667;8.277454999999998;5261.9190161999995;59.25584477702702;8880.0;1163.7479589040822;1.0;D
vehicle_LEAD_2;211;1183.1564820870358;1288.3;deliverShipment;2636357171;1000;0;32.60496666666667;9.197882999999997;3899.501490599999;43.91330507432431;8880.0;1183.1564820870358;105.14351791296417;1
vehicle_LEAD_2;147;1294.791927016146;1299.791927016146;deliverShipment;7017492284;1000;0;32.60496666666667;9.522479999999998;3419.0330111999992;38.50262399999999;8880.0;1294.791927016146;5.0;2
vehicle_LEAD_2;217;1306.9366927266146;1311.9366927266146;deliverShipment;6970402907;1000;0;32.60496666666667;9.879718999999998;2890.2478433999995;32.54783607432432;8880.0;1306.9366927266146;5.0;3
vehicle_LEAD_2;139;1317.1269623460753;1322.1269623460753;deliverShipment;6921021581;1000;0;32.60496666666667;10.139232999999997;2506.1152205999997;28.222018249999998;8880.0;1317.1269623460753;5.0;4
vehicle_LEAD_2;132;1334.1223783552432;1335.1223783552432;pickupShipment;6068627214;1000;0;32.60496666666667;10.739004999999997;1618.3327061999998;18.22446741216216;8880.0;1334.1223783552432;1.0;D
vehicle_LEAD_2;222;1335.1223783552432;1336.1223783552432;pickupShipment;6068627214;1000;0;32.60496666666667;10.739004999999997;1618.3327061999998;18.22446741216216;8880.0;1335.1223783552432;1.0;D
vehicle_LEAD_2;66;1336.1223783552432;1337.1223783552432;pickupShipment;6068627214;1000;0;32.60496666666667;10.739004999999997;1618.3327061999998;18.22446741216216;8880.0;1336.1223783552432;1.0;D
vehicle_LEAD_2;158;1337.1223783552432;1338.1223783552432;pickupShipment;6068627214;1000;0;32.60496666666667;10.739004999999997;1618.3327061999998;18.22446741216216;8880.0;1337.1223783552432;1.0;D
vehicle_LEAD_2;223;1347.7328191343615;1352.7328191343615;deliverShipment;6399728612;1000;0;32.60496666666667;11.219527999999997;907.0625616;10.214668486486486;8880.0;1347.7328191343615;5.0;1
vehicle_LEAD_2;67;1354.121636356727;1359.121636356727;deliverShipment;6297154738;1000;0;32.60496666666667;11.288968999999996;804.2759934;9.057162087837838;8880.0;1354.121636356727;5.0;2
vehicle_LEAD_2;133;1361.4850716298565;1366.4850716298565;deliverShipment;25312133;1000;0;32.60496666666667;11.407140999999996;629.3577989999999;7.087362601351351;8880.0;1361.4850716298565;5.0;3
vehicle_LEAD_2;159;1366.4850716298565;1371.4850716298565;deliverShipment;25312133;1000;0;32.60496666666667;11.407140999999996;629.3577989999999;7.087362601351351;8880.0;1366.4850716298565;5.0;4
vehicle_LEAD_2;-2;1377.38363983272;0.0;end;6068627214;1000;0;32.60496666666667;11.702069999999996;192.8038931999999;2.171215013513512;8880.0;1377.38363983272;-1377.38363983272;end
vehicle_LEAD_3;-1;0.0;0.0;start;6068627214;1000;0;32.60496666666667;0.0;8880.0;100.0;8880.0;0.0;0.0;start
vehicle_LEAD_3;256;0.0;1.0;pickupShipment;6068627214;1000;0;32.60496666666667;0.0;8880.0;100.0;8880.0;0.0;1.0;D
vehicle_LEAD_3;214;1.0;2.0;pickupShipment;6068627214;1000;0;32.60496666666667;0.0;8880.0;100.0;8880.0;1.0;1.0;D
vehicle_LEAD_3;144;2.0;3.0;pickupShipment;6068627214;1000;0;32.60496666666667;0.0;8880.0;100.0;8880.0;2.0;1.0;D
vehicle_LEAD_3;60;3.0;4.0;pickupShipment;6068627214;1000;0;32.60496666666667;0.0;8880.0;100.0;8880.0;3.0;1.0;D
vehicle_LEAD_3;257;5.2188775622448755;425.0;deliverShipment;5947847672;1000;0;32.60496666666667;0.060944;8789.7906912;98.98412940540541;8880.0;5.2188775622448755;419.78112243775513;1
vehicle_LEAD_3;215;425.0;430.0;deliverShipment;5947847672;1000;0;32.60496666666667;0.060944;8789.7906912;98.98412940540541;8880.0;425.0;5.0;2
vehicle_LEAD_3;145;435.24706950586096;440.24706950586096;deliverShipment;5947847663;1000;0;32.60496666666667;0.323298;8401.4543004;94.61097185135135;8880.0;435.24706950586096;5.0;3
vehicle_LEAD_3;48;446.7130165739668;447.7130165739668;pickupShipment;6068627214;1000;0;32.60496666666667;0.646596;7922.9086008;89.22194370270272;8880.0;446.7130165739668;1.0;D
vehicle_LEAD_3;4;447.7130165739668;448.7130165739668;pickupShipment;6068627214;1000;0;32.60496666666667;0.646596;7922.9086008;89.22194370270272;8880.0;447.7130165739668;1.0;D
vehicle_LEAD_3;260;448.7130165739668;449.7130165739668;pickupShipment;6068627214;1000;0;32.60496666666667;0.646596;7922.9086008;89.22194370270272;8880.0;448.7130165739668;1.0;D
vehicle_LEAD_3;49;460.47737504524986;465.47737504524986;deliverShipment;7363009587;1000;0;32.60496666666667;1.184815;7126.236837;80.25041483108109;8880.0;460.47737504524986;5.0;1
vehicle_LEAD_3;5;468.44534910930173;473.44534910930173;deliverShipment;6297154746;1000;0;32.60496666666667;1.333214;6906.576637200001;77.77676393243243;8880.0;468.44534910930173;5.0;2
vehicle_LEAD_3;261;475.4921850156299;480.4921850156299;deliverShipment;2244471203;1000;0;32.60496666666667;1.4355559999999998;6755.090008800001;76.07083343243244;8880.0;475.4921850156299;5.0;3
vehicle_LEAD_3;61;488.36980926038143;493.36980926038143;deliverShipment;5947847654;1000;0;32.60496666666667;1.829438;6172.0658724;69.50524631081082;8880.0;488.36980926038143;5.0;4
vehicle_LEAD_3;26;505.01636596726803;506.01636596726803;pickupShipment;6068627214;1000;0;32.60496666666667;2.4117669999999998;5310.102486600001;59.79845142567568;8880.0;505.01636596726803;1.0;D
vehicle_LEAD_3;32;506.01636596726803;507.01636596726803;pickupShipment;6068627214;1000;0;32.60496666666667;2.4117669999999998;5310.102486600001;59.79845142567568;8880.0;506.01636596726803;1.0;D
vehicle_LEAD_3;20;507.01636596726803;508.01636596726803;pickupShipment;6068627214;1000;0;32.60496666666667;2.4117669999999998;5310.102486600001;59.79845142567568;8880.0;507.01636596726803;1.0;D
vehicle_LEAD_3;160;508.01636596726803;509.01636596726803;pickupShipment;6068627214;1000;0;32.60496666666667;2.4117669999999998;5310.102486600001;59.79845142567568;8880.0;508.01636596726803;1.0;D
vehicle_LEAD_3;27;510.0604038791922;515.0604038791922;deliverShipment;5947847673;1000;0;32.60496666666667;2.4639689999999996;5232.8330862;58.92830052027027;8880.0;510.0604038791922;5.0;1
vehicle_LEAD_3;33;516.016421967156;521.016421967156;deliverShipment;5947871000;1000;0;32.60496666666667;2.51177;5162.0780460000005;58.131509527027035;8880.0;516.016421967156;5.0;2
vehicle_LEAD_3;21;521.8836002327995;526.8836002327995;deliverShipment;5947847672;1000;0;32.60496666666667;2.555129;5097.898054200001;57.40876187162163;8880.0;521.8836002327995;5.0;3
vehicle_LEAD_3;161;532.1306697386605;537.1306697386605;deliverShipment;5947847663;1000;0;32.60496666666667;2.817483;4709.561663400001;53.035604317567575;8880.0;532.1306697386605;5.0;4
vehicle_LEAD_3;80;543.5966168067663;544.5966168067663;pickupShipment;6068627214;1000;0;32.60496666666667;3.140781;4231.0159638000005;47.646576168918926;8880.0;543.5966168067663;1.0;D
vehicle_LEAD_3;196;544.5966168067663;545.5966168067663;pickupShipment;6068627214;1000;0;32.60496666666667;3.140781;4231.0159638000005;47.646576168918926;8880.0;544.5966168067663;1.0;D
vehicle_LEAD_3;240;545.5966168067663;546.5966168067663;pickupShipment;6068627214;1000;0;32.60496666666667;3.140781;4231.0159638000005;47.646576168918926;8880.0;545.5966168067663;1.0;D
vehicle_LEAD_3;98;546.5966168067663;547.5966168067663;pickupShipment;6068627214;1000;0;32.60496666666667;3.140781;4231.0159638000005;47.646576168918926;8880.0;546.5966168067663;1.0;D
vehicle_LEAD_3;99;564.3088633822731;569.3088633822731;deliverShipment;2636357129;1000;0;32.60496666666667;3.976395;2994.1401210000004;33.717794155405414;8880.0;564.3088633822731;5.0;1
vehicle_LEAD_3;241;569.3088633822731;758.4;deliverShipment;2636357129;1000;0;32.60496666666667;3.976395;2994.1401210000004;33.717794155405414;8880.0;569.3088633822731;189.09113661772687;2
vehicle_LEAD_3;81;758.9472989054021;763.9472989054021;deliverShipment;2636357128;1000;0;32.60496666666667;4.00376;2953.6344480000002;33.26164918918919;8880.0;758.9472989054021;5.0;3
vehicle_LEAD_3;197;763.9472989054021;1069.55;deliverShipment;2636357128;1000;0;32.60496666666667;4.00376;2953.6344480000002;33.26164918918919;8880.0;763.9472989054021;305.6027010945978;4
vehicle_LEAD_3;170;1085.7149476701047;1086.7149476701047;pickupShipment;6068627214;1000;0;32.60496666666667;4.812009;1757.2642782000005;19.7890121418919;8880.0;1085.7149476701047;1.0;D
vehicle_LEAD_3;76;1086.7149476701047;1087.7149476701047;pickupShipment;6068627214;1000;0;32.60496666666667;4.812009;1757.2642782000005;19.7890121418919;8880.0;1086.7149476701047;1.0;D
vehicle_LEAD_3;180;1087.7149476701047;1088.7149476701047;pickupShipment;6068627214;1000;0;32.60496666666667;4.812009;1757.2642782000005;19.7890121418919;8880.0;1087.7149476701047;1.0;D
vehicle_LEAD_3;102;1088.7149476701047;1089.7149476701047;pickupShipment;6068627214;1000;0;32.60496666666667;4.812009;1757.2642782000005;19.7890121418919;8880.0;1088.7149476701047;1.0;D
vehicle_LEAD_3;103;1097.9397712204577;1102.9397712204577;deliverShipment;6297154742;1000;0;32.60496666666667;5.223250999999999;1148.5438698000007;12.934052587837847;8880.0;1097.9397712204577;5.0;1
vehicle_LEAD_3;181;1103.5849499301003;1116.5833333333333;deliverShipment;6297154743;1000;0;32.60496666666667;5.255509999999999;1100.7940980000008;12.396329932432442;8880.0;1103.5849499301003;12.998383403232992;2
vehicle_LEAD_3;171;1119.768046963906;1124.768046963906;deliverShipment;7363009587;1000;0;32.60496666666667;5.414745999999999;865.0929708000008;9.742037959459468;8880.0;1119.768046963906;5.0;3
vehicle_LEAD_3;77;1124.768046963906;1129.768046963906;deliverShipment;7363009587;1000;0;32.60496666666667;5.414745999999999;865.0929708000008;9.742037959459468;8880.0;1124.768046963906;5.0;4
vehicle_LEAD_3;6;1140.532405435189;1141.532405435189;pickupShipment;6068627214;1000;0;32.60496666666667;5.952964999999999;68.42120700000089;0.7705090878378479;8880.0;1140.532405435189;1.0;D
vehicle_LEAD_3;238;1141.532405435189;1142.532405435189;pickupShipment;6068627214;1000;0;32.60496666666667;5.952964999999999;68.42120700000089;0.7705090878378479;8880.0;1141.532405435189;1.0;D
vehicle_LEAD_3;220;1142.532405435189;1143.532405435189;pickupShipment;6068627214;1000;0;32.60496666666667;5.952964999999999;68.42120700000089;0.7705090878378479;8880.0;1142.532405435189;1.0;D
vehicle_LEAD_3;262;1143.532405435189;1144.532405435189;pickupShipment;6068627214;1000;0;32.60496666666667;5.952964999999999;68.42120700000089;0.7705090878378479;8880.0;1143.532405435189;1.0;D
vehicle_LEAD_3;1;1144.532405435189;1144.8791931037142;recharge;6068627214;1000;0;32.60496666666667;5.952964999999999;68.42120700000089;0.7705090878378479;8880.0;1144.532405435189;0.34678766852516674;r1
vehicle_LEAD_3;1;1144.532405435189;1144.8791931037142;recharge;6068627214;1000;0;32.60496666666667;5.952964999999999;8880.0;100.0;8880.0;1144.532405435189;0.34678766852516674;r2
vehicle_LEAD_3;221;1152.1761385098234;1157.1761385098234;deliverShipment;4574272245;1000;0;32.60496666666667;6.317812999999999;8339.9519904;93.91837827027028;8880.0;1152.1761385098234;5.0;1
vehicle_LEAD_3;94;1164.4730839159326;1165.4730839159326;pickupShipment;6068627214;1000;0;32.60496666666667;6.6826609999999995;7799.903980800001;87.83675654054055;8880.0;1164.4730839159326;1.0;D
vehicle_LEAD_3;263;1182.3337501946;1187.3337501946;deliverShipment;6970402908;1000;0;32.60496666666667;7.525696;6552.043573800001;73.78427447972975;8880.0;1182.3337501946;5.0;1
vehicle_LEAD_3;95;1204.4946958727087;1209.4946958727087;deliverShipment;3246517575;1000;0;32.60496666666667;8.383745;5281.959444;59.481525270270275;8880.0;1204.4946958727087;5.0;2
vehicle_LEAD_3;7;1210.618053625993;1215.618053625993;deliverShipment;6970402910;1000;0;32.60496666666667;8.439912999999999;5198.8195704;58.54526543243244;8880.0;1210.618053625993;5.0;3
vehicle_LEAD_3;239;1215.618053625993;1220.618053625993;deliverShipment;6970402910;1000;0;32.60496666666667;8.439912999999999;5198.8195704;58.54526543243244;8880.0;1215.618053625993;5.0;4
vehicle_LEAD_3;236;1232.5325097970808;1233.5325097970808;pickupShipment;6068627214;1000;0;32.60496666666667;9.035637;4317.0289056;48.61519037837838;8880.0;1232.5325097970808;1.0;D
vehicle_LEAD_3;212;1233.5325097970808;1234.5325097970808;pickupShipment;6068627214;1000;0;32.60496666666667;9.035637;4317.0289056;48.61519037837838;8880.0;1233.5325097970808;1.0;D
vehicle_LEAD_3;16;1234.5325097970808;1235.5325097970808;pickupShipment;6068627214;1000;0;32.60496666666667;9.035637;4317.0289056;48.61519037837838;8880.0;1234.5325097970808;1.0;D
vehicle_LEAD_3;112;1235.5325097970808;1236.5325097970808;pickupShipment;6068627214;1000;0;32.60496666666667;9.035637;4317.0289056;48.61519037837838;8880.0;1235.5325097970808;1.0;D
vehicle_LEAD_3;17;1245.8505311610381;1250.8505311610381;deliverShipment;5947847658;1000;0;32.60496666666667;9.501539;3627.4007652;40.84910771621622;8880.0;1245.8505311610381;5.0;1
vehicle_LEAD_3;113;1251.8802291016423;1256.8802291016423;deliverShipment;35678579;1000;0;32.60496666666667;9.553023999999999;3551.1926682;39.99090842567568;8880.0;1251.8802291016423;5.0;2
vehicle_LEAD_3;237;1259.811683238734;1264.811683238734;deliverShipment;25312123;1000;0;32.60496666666667;9.699596999999999;3334.2353135999997;37.54769497297297;8880.0;1259.811683238734;5.0;3
vehicle_LEAD_3;213;1264.811683238734;1269.811683238734;deliverShipment;25312123;1000;0;32.60496666666667;9.699596999999999;3334.2353135999997;37.54769497297297;8880.0;1264.811683238734;5.0;4
vehicle_LEAD_3;30;1278.7153454314098;1279.7153454314098;pickupShipment;6068627214;1000;0;32.60496666666667;10.144780999999998;2675.2739567999997;30.12695897297297;8880.0;1278.7153454314098;1.0;D
vehicle_LEAD_3;44;1279.7153454314098;1280.7153454314098;pickupShipment;6068627214;1000;0;32.60496666666667;10.144780999999998;2675.2739567999997;30.12695897297297;8880.0;1279.7153454314098;1.0;D
vehicle_LEAD_3;250;1280.7153454314098;1281.7153454314098;pickupShipment;6068627214;1000;0;32.60496666666667;10.144780999999998;2675.2739567999997;30.12695897297297;8880.0;1280.7153454314098;1.0;D
vehicle_LEAD_3;178;1281.7153454314098;1282.7153454314098;pickupShipment;6068627214;1000;0;32.60496666666667;10.144780999999998;2675.2739567999997;30.12695897297297;8880.0;1281.7153454314098;1.0;D
vehicle_LEAD_3;45;1294.7107614405777;1299.7107614405777;deliverShipment;6921021581;1000;0;32.60496666666667;10.744552999999998;1787.4914423999999;20.129408135135133;8880.0;1294.7107614405777;5.0;1
vehicle_LEAD_3;251;1299.7107614405777;1304.7107614405777;deliverShipment;6921021581;1000;0;32.60496666666667;10.744552999999998;1787.4914423999999;20.129408135135133;8880.0;1299.7107614405777;5.0;2
vehicle_LEAD_3;179;1305.9390789839426;1310.9390789839426;deliverShipment;6921021577;1000;0;32.60496666666667;10.805968999999997;1696.5834791999998;19.105669810810806;8880.0;1305.9390789839426;5.0;3
vehicle_LEAD_3;31;1312.5578357464292;1317.5578357464292;deliverShipment;6921021578;1000;0;32.60496666666667;10.886906999999997;1576.7790515999998;17.756520851351347;8880.0;1312.5578357464292;5.0;4
vehicle_LEAD_3;-2;1331.497207867685;0.0;end;6068627214;1000;0;32.60496666666667;11.583876999999998;545.1240575999998;6.13878443243243;8880.0;1331.497207867685;-1331.497207867685;end
vehicle_LEAD_4;-1;0.0;0.0;start;6068627214;1000;0;32.60496666666667;0.0;8880.0;100.0;8880.0;0.0;0.0;start
vehicle_LEAD_4;108;0.0;1.0;pickupShipment;6068627214;1000;0;32.60496666666667;0.0;8880.0;100.0;8880.0;0.0;1.0;D
vehicle_LEAD_4;10;1.0;2.0;pickupShipment;6068627214;1000;0;32.60496666666667;0.0;8880.0;100.0;8880.0;1.0;1.0;D
vehicle_LEAD_4;109;7.898568202863594;425.0;deliverShipment;25312133;1000;0;32.60496666666667;0.294929;8443.4460942;95.08385241216217;8880.0;7.898568202863594;417.1014317971364;1
vehicle_LEAD_4;11;425.0;430.0;deliverShipment;25312133;1000;0;32.60496666666667;0.294929;8443.4460942;95.08385241216217;8880.0;425.0;5.0;2
vehicle_LEAD_4;140;435.8985682028636;436.8985682028636;pickupShipment;6068627214;1000;0;32.60496666666667;0.589858;8006.8921884;90.16770482432432;8880.0;435.8985682028636;1.0;D
vehicle_LEAD_4;190;436.8985682028636;437.8985682028636;pickupShipment;6068627214;1000;0;32.60496666666667;0.589858;8006.8921884;90.16770482432432;8880.0;436.8985682028636;1.0;D
vehicle_LEAD_4;126;437.8985682028636;438.8985682028636;pickupShipment;6068627214;1000;0;32.60496666666667;0.589858;8006.8921884;90.16770482432432;8880.0;437.8985682028636;1.0;D
vehicle_LEAD_4;242;438.8985682028636;439.8985682028636;pickupShipment;6068627214;1000;0;32.60496666666667;0.589858;8006.8921884;90.16770482432432;8880.0;438.8985682028636;1.0;D
vehicle_LEAD_4;141;454.6505986988026;459.6505986988026;deliverShipment;1384090139;1000;0;32.60496666666667;1.327461;6915.0922278;77.87266022297297;8880.0;454.6505986988026;5.0;1
vehicle_LEAD_4;191;461.9343141313717;466.9343141313717;deliverShipment;6970402888;1000;0;32.60496666666667;1.441647;6746.0741106;75.96930304729729;8880.0;461.9343141313717;5.0;2
vehicle_LEAD_4;243;466.9343141313717;471.9343141313717;deliverShipment;6970402888;1000;0;32.60496666666667;1.441647;6746.0741106;75.96930304729729;8880.0;466.9343141313717;5.0;3
vehicle_LEAD_4;104;488.9497201005598;489.9497201005598;pickupShipment;6068627214;1000;0;32.60496666666667;2.2924189999999998;5486.7613962;61.7878535608108;8880.0;488.9497201005598;1.0;D
vehicle_LEAD_4;226;489.9497201005598;490.9497201005598;pickupShipment;6068627214;1000;0;32.60496666666667;2.2924189999999998;5486.7613962;61.7878535608108;8880.0;489.9497201005598;1.0;D
vehicle_LEAD_4;62;490.9497201005598;491.9497201005598;pickupShipment;6068627214;1000;0;32.60496666666667;2.2924189999999998;5486.7613962;61.7878535608108;8880.0;490.9497201005598;1.0;D
vehicle_LEAD_4;105;509.5525048949902;514.5525048949902;deliverShipment;5947847652;1000;0;32.60496666666667;3.17256;4183.976688;47.11685459459459;8880.0;509.5525048949902;5.0;1
vehicle_LEAD_4;127;516.4265811468376;521.4265811468376;deliverShipment;277645033;1000;0;32.60496666666667;3.2662639999999996;4045.2760271999996;45.55491021621621;8880.0;516.4265811468376;5.0;2
vehicle_LEAD_4;227;521.4265811468376;526.4265811468376;deliverShipment;277645033;1000;0;32.60496666666667;3.2662639999999996;4045.2760271999996;45.55491021621621;8880.0;521.4265811468376;5.0;3
vehicle_LEAD_4;63;529.5717748564502;534.5717748564502;deliverShipment;5947847653;1000;0;32.60496666666667;3.4235239999999996;3812.4997751999995;42.933556027027024;8880.0;529.5717748564502;5.0;4
vehicle_LEAD_4;192;553.4456771086458;554.4456771086458;pickupShipment;6068627214;1000;0;32.60496666666667;4.367221;2415.6394757999997;27.203147249999997;8880.0;553.4456771086458;1.0;D
vehicle_LEAD_4;264;554.4456771086458;555.4456771086458;pickupShipment;6068627214;1000;0;32.60496666666667;4.367221;2415.6394757999997;27.203147249999997;8880.0;554.4456771086458;1.0;D
vehicle_LEAD_4;248;555.4456771086458;556.4456771086458;pickupShipment;6068627214;1000;0;32.60496666666667;4.367221;2415.6394757999997;27.203147249999997;8880.0;555.4456771086458;1.0;D
vehicle_LEAD_4;168;556.4456771086458;557.4456771086458;pickupShipment;6068627214;1000;0;32.60496666666667;4.367221;2415.6394757999997;27.203147249999997;8880.0;556.4456771086458;1.0;D
vehicle_LEAD_4;193;570.008231983536;575.008231983536;deliverShipment;5273358484;1000;0;32.60496666666667;4.99535;1485.8829299999998;16.73291587837838;8880.0;570.008231983536;5.0;1
vehicle_LEAD_4;265;575.008231983536;1172.7;deliverShipment;5273358484;1000;0;32.60496666666667;4.99535;1485.8829299999998;16.73291587837838;8880.0;575.008231983536;597.691768016464;2
vehicle_LEAD_4;249;1174.396076607847;1179.396076607847;deliverShipment;5273331647;1000;0;32.60496666666667;5.080154;1360.3560491999997;15.319324878378374;8880.0;1174.396076607847;5.0;3
vehicle_LEAD_4;169;1180.8732536534928;1199.6666666666667;deliverShipment;6175361290;1000;0;32.60496666666667;5.154013;1251.0299573999996;14.088175195945944;8880.0;1180.8732536534928;18.793413013173904;4
vehicle_LEAD_4;136;1215.4024751950496;1216.4024751950496;pickupShipment;6068627214;1000;0;32.60496666666667;5.940805;86.42043899999976;0.9732031418918892;8880.0;1215.4024751950496;1.0;D
vehicle_LEAD_4;2;1216.4024751950496;1217.4024751950496;pickupShipment;6068627214;1000;0;32.60496666666667;5.940805;86.42043899999976;0.9732031418918892;8880.0;1216.4024751950496;1.0;D
vehicle_LEAD_4;96;1217.4024751950496;1218.4024751950496;pickupShipment;6068627214;1000;0;32.60496666666667;5.940805;86.42043899999976;0.9732031418918892;8880.0;1217.4024751950496;1.0;D
vehicle_LEAD_4;1;1218.4024751950496;1218.8404905979894;recharge;6068627214;1000;0;32.60496666666667;5.940805;86.42043899999976;0.9732031418918892;8880.0;1218.4024751950496;0.4380154029397545;r1
vehicle_LEAD_4;1;1218.4024751950496;1218.8404905979894;recharge;6068627214;1000;0;32.60496666666667;5.940805;8880.0;100.0;8880.0;1218.4024751950496;0.4380154029397545;r2
vehicle_LEAD_4;228;1218.8404905979894;1219.8404905979894;pickupShipment;6068627214;1000;0;32.60496666666667;5.940805;8880.0;100.0;8880.0;1218.8404905979894;1.0;D
vehicle_LEAD_4;229;1225.739058800853;1230.739058800853;deliverShipment;25312133;1000;0;32.60496666666667;6.235734;8443.4460942;95.08385241216217;8880.0;1225.739058800853;5.0;1
vehicle_LEAD_4;137;1234.6209710370285;1239.6209710370285;deliverShipment;25312137;1000;0;32.60496666666667;6.42983;8156.145195000001;91.84848192567569;8880.0;1234.6209710370285;5.0;2
vehicle_LEAD_4;122;1243.261723755523;1244.261723755523;pickupShipment;6068627214;1000;0;32.60496666666667;6.611868;7886.692547400001;88.81410526351353;8880.0;1243.261723755523;1.0;D
vehicle_LEAD_4;88;1244.261723755523;1245.261723755523;pickupShipment;6068627214;1000;0;32.60496666666667;6.611868;7886.692547400001;88.81410526351353;8880.0;1244.261723755523;1.0;D
vehicle_LEAD_4;123;1262.1710699368307;1267.1710699368307;deliverShipment;34815654;1000;0;32.60496666666667;7.457337;6635.229333600001;74.72105105405407;8880.0;1262.1710699368307;5.0;1
vehicle_LEAD_4;3;1267.2091298607108;1272.2091298607108;deliverShipment;5324491691;1000;0;32.60496666666667;7.45924;6632.412513000001;74.68933010135136;8880.0;1267.2091298607108;5.0;2
vehicle_LEAD_4;89;1276.2282218225268;1281.2282218225268;deliverShipment;6297154747;1000;0;32.60496666666667;7.660195000000001;6334.958922000001;71.33962750000002;8880.0;1276.2282218225268;5.0;3
vehicle_LEAD_4;68;1294.4490353808997;1295.4490353808997;pickupShipment;6068627214;1000;0;32.60496666666667;8.321237;5356.484553600001;60.32077200000001;8880.0;1294.4490353808997;1.0;D
vehicle_LEAD_4;8;1295.4490353808997;1296.4490353808997;pickupShipment;6068627214;1000;0;32.60496666666667;8.321237;5356.484553600001;60.32077200000001;8880.0;1295.4490353808997;1.0;D
vehicle_LEAD_4;46;1296.4490353808997;1297.4490353808997;pickupShipment;6068627214;1000;0;32.60496666666667;8.321237;5356.484553600001;60.32077200000001;8880.0;1296.4490353808997;1.0;D
vehicle_LEAD_4;97;1306.297857683255;1311.297857683255;deliverShipment;4574272246;1000;0;32.60496666666667;8.763679;4701.5819052000015;52.94574217567569;8880.0;1306.297857683255;5.0;1
vehicle_LEAD_4;9;1316.8913264963173;1321.8913264963173;deliverShipment;25312126;1000;0;32.60496666666667;9.043353;4287.608450400002;48.28387894594597;8880.0;1316.8913264963173;5.0;2
vehicle_LEAD_4;47;1323.557643163684;1328.557643163684;deliverShipment;1489524505;1000;0;32.60496666666667;9.126669;4164.284107200002;46.89509129729732;8880.0;1323.557643163684;5.0;3
vehicle_LEAD_4;69;1336.6363470062763;1341.6363470062763;deliverShipment;4574272245;1000;0;32.60496666666667;9.530605;3566.378040000002;40.16191486486488;8880.0;1336.6363470062763;5.0;4
vehicle_LEAD_4;-2;1348.9332924123855;0.0;end;6068627214;1000;0;32.60496666666667;9.895453;3026.330030400002;34.08029313513516;8880.0;1348.9332924123855;-1348.9332924123855;end
vehicle_LEAD_5;-1;0.0;0.0;start;6068627214;1000;0;32.60496666666667;0.0;8880.0;100.0;8880.0;0.0;0.0;start
vehicle_LEAD_5;84;0.0;1.0;pickupShipment;6068627214;1000;0;32.60496666666667;0.0;8880.0;100.0;8880.0;0.0;1.0;D
vehicle_LEAD_5;266;1.0;2.0;pickupShipment;6068627214;1000;0;32.60496666666667;0.0;8880.0;100.0;8880.0;1.0;1.0;D
vehicle_LEAD_5;188;2.0;3.0;pickupShipment;6068627214;1000;0;32.60496666666667;0.0;8880.0;100.0;8880.0;2.0;1.0;D
vehicle_LEAD_5;54;3.0;4.0;pickupShipment;6068627214;1000;0;32.60496666666667;0.0;8880.0;100.0;8880.0;3.0;1.0;D
vehicle_LEAD_5;189;20.82768634462731;425.0;deliverShipment;6970402909;1000;0;32.60496666666667;0.841386;7634.5804428;85.9750049864865;8880.0;20.82768634462731;404.1723136553727;1
vehicle_LEAD_5;85;425.0;948.9333333333333;deliverShipment;6970402909;1000;0;32.60496666666667;0.841386;7634.5804428;85.9750049864865;8880.0;425.0;523.9333333333333;2
vehicle_LEAD_5;55;948.9333333333333;953.9333333333333;deliverShipment;6970402909;1000;0;32.60496666666667;0.841386;7634.5804428;85.9750049864865;8880.0;948.9333333333333;5.0;3
vehicle_LEAD_5;202;970.7610196779606;971.7610196779606;pickupShipment;6068627214;1000;0;32.60496666666667;1.682772;6389.1608856;71.95000997297298;8880.0;970.7610196779606;1.0;D
vehicle_LEAD_5;120;971.7610196779606;972.7610196779606;pickupShipment;6068627214;1000;0;32.60496666666667;1.682772;6389.1608856;71.95000997297298;8880.0;971.7610196779606;1.0;D
vehicle_LEAD_5;156;972.7610196779606;973.7610196779606;pickupShipment;6068627214;1000;0;32.60496666666667;1.682772;6389.1608856;71.95000997297298;8880.0;972.7610196779606;1.0;D
vehicle_LEAD_5;154;973.7610196779606;974.7610196779606;pickupShipment;6068627214;1000;0;32.60496666666667;1.682772;6389.1608856;71.95000997297298;8880.0;973.7610196779606;1.0;D
vehicle_LEAD_5;155;984.0790410419179;989.0790410419179;deliverShipment;5947847658;1000;0;32.60496666666667;2.1486739999999998;5699.5327452;64.18392731081082;8880.0;984.0790410419179;5.0;1
vehicle_LEAD_5;121;1000.4844182311635;1005.4844182311635;deliverShipment;27503216;1000;0;32.60496666666667;2.7189439999999996;4855.4190912;54.67814291891892;8880.0;1000.4844182311635;5.0;2
vehicle_LEAD_5;203;1027.2525746948506;1161.0;deliverShipment;1764056268;1000;0;32.60496666666667;3.807354;3244.3546091999997;36.535524878378375;8880.0;1027.2525746948506;133.74742530514936;3
vehicle_LEAD_5;157;1161.0;1166.0;deliverShipment;1764056268;1000;0;32.60496666666667;3.807354;3244.3546091999997;36.535524878378375;8880.0;1161.0;5.0;4
vehicle_LEAD_5;267;1190.2380115239769;1195.2380115239769;deliverShipment;4574272247;1000;0;32.60496666666667;5.019257;1450.4957886;16.33441203378378;8880.0;1190.2380115239769;5.0;5
vehicle_LEAD_5;-2;1211.3362193275614;0.0;end;6068627214;1000;0;32.60496666666667;5.8241689999999995;259.0650462000001;2.91739916891892;8880.0;1211.3362193275614;-1211.3362193275614;end
vehicle_LEAD_8;-1;0.0;0.0;start;6068627214;1000;0;32.60496666666667;0.0;8880.0;100.0;8880.0;0.0;0.0;start
vehicle_LEAD_8;200;0.0;1.0;pickupShipment;6068627214;1000;0;32.60496666666667;0.0;8880.0;100.0;8880.0;0.0;1.0;D
vehicle_LEAD_8;78;1.0;2.0;pickupShipment;6068627214;1000;0;32.60496666666667;0.0;8880.0;100.0;8880.0;1.0;1.0;D
vehicle_LEAD_8;186;2.0;3.0;pickupShipment;6068627214;1000;0;32.60496666666667;0.0;8880.0;100.0;8880.0;2.0;1.0;D
vehicle_LEAD_8;82;3.0;4.0;pickupShipment;6068627214;1000;0;32.60496666666667;0.0;8880.0;100.0;8880.0;3.0;1.0;D
vehicle_LEAD_8;201;8.85253029493941;425.0;deliverShipment;5947870995;1000;0;32.60496666666667;0.24262699999999998;8520.8635146;95.95567020945946;8880.0;8.85253029493941;416.1474697050606;1
vehicle_LEAD_8;83;425.58093883812234;430.58093883812234;deliverShipment;5947870991;1000;0;32.60496666666667;0.27167399999999997;8477.8681452;95.47148812162162;8880.0;425.58093883812234;5.0;2
vehicle_LEAD_8;79;439.71464057071887;444.71464057071887;deliverShipment;5947847670;1000;0;32.60496666666667;0.7283599999999999;7801.881528;87.85902621621622;8880.0;439.71464057071887;5.0;3
vehicle_LEAD_8;187;451.1166477667045;456.1166477667045;deliverShipment;5947847666;1000;0;32.60496666666667;1.0484609999999999;7328.0680278;82.52328860135135;8880.0;451.1166477667045;5.0;4
vehicle_LEAD_8;114;461.6257767484465;462.6257767484465;pickupShipment;6068627214;1000;0;32.60496666666667;1.323918;6920.3365764;77.93171820270271;8880.0;461.6257767484465;1.0;D
vehicle_LEAD_8;174;462.6257767484465;463.6257767484465;pickupShipment;6068627214;1000;0;32.60496666666667;1.323918;6920.3365764;77.93171820270271;8880.0;462.6257767484465;1.0;D
vehicle_LEAD_8;56;463.6257767484465;464.6257767484465;pickupShipment;6068627214;1000;0;32.60496666666667;1.323918;6920.3365764;77.93171820270271;8880.0;463.6257767484465;1.0;D
vehicle_LEAD_8;148;464.6257767484465;465.6257767484465;pickupShipment;6068627214;1000;0;32.60496666666667;1.323918;6920.3365764;77.93171820270271;8880.0;464.6257767484465;1.0;D
vehicle_LEAD_8;149;477.1217737564525;482.1217737564525;deliverShipment;16564357;1000;0;32.60496666666667;1.8987189999999998;6069.5161362;68.35040693918918;8880.0;477.1217737564525;5.0;1
vehicle_LEAD_8;175;485.45324709350587;490.45324709350587;deliverShipment;33257059;1000;0;32.60496666666667;2.0652929999999996;5822.9533014;65.57379843918919;8880.0;485.45324709350587;5.0;2
vehicle_LEAD_8;57;494.5528388943223;499.5528388943223;deliverShipment;33257061;1000;0;32.60496666666667;2.2702729999999995;5519.541905399999;62.15700343918918;8880.0;494.5528388943223;5.0;3
vehicle_LEAD_8;115;503.6524306951387;508.6524306951387;deliverShipment;33257059;1000;0;32.60496666666667;2.4752529999999995;5216.130509399999;58.74020843918918;8880.0;503.6524306951387;5.0;4
vehicle_LEAD_8;184;523.479901040198;524.479901040198;pickupShipment;6068627214;1000;0;32.60496666666667;3.2166279999999996;4118.747234399999;46.38228867567567;8880.0;523.479901040198;1.0;D
vehicle_LEAD_8;64;524.479901040198;525.479901040198;pickupShipment;6068627214;1000;0;32.60496666666667;3.2166279999999996;4118.747234399999;46.38228867567567;8880.0;524.479901040198;1.0;D
vehicle_LEAD_8;42;525.479901040198;526.479901040198;pickupShipment;6068627214;1000;0;32.60496666666667;3.2166279999999996;4118.747234399999;46.38228867567567;8880.0;525.479901040198;1.0;D
vehicle_LEAD_8;194;526.479901040198;527.479901040198;pickupShipment;6068627214;1000;0;32.60496666666667;3.2166279999999996;4118.747234399999;46.38228867567567;8880.0;526.479901040198;1.0;D
vehicle_LEAD_8;65;536.3287233425534;541.3287233425534;deliverShipment;4574272246;1000;0;32.60496666666667;3.6590699999999994;3463.844585999999;39.00725885135134;8880.0;536.3287233425534;5.0;1
vehicle_LEAD_8;43;541.3287233425534;1016.4166666666666;deliverShipment;4574272246;1000;0;32.60496666666667;3.6590699999999994;3463.844585999999;39.00725885135134;8880.0;541.3287233425534;475.0879433241132;2
vehicle_LEAD_8;195;1016.4166666666666;1021.4166666666666;deliverShipment;4574272246;1000;0;32.60496666666667;3.6590699999999994;3463.844585999999;39.00725885135134;8880.0;1016.4166666666666;5.0;3
vehicle_LEAD_8;185;1021.4166666666666;1026.4166666666665;deliverShipment;4574272246;1000;0;32.60496666666667;3.6590699999999994;3463.844585999999;39.00725885135134;8880.0;1021.4166666666666;4.999999999999886;4
vehicle_LEAD_8;172;1035.2654889690218;1036.2654889690218;pickupShipment;6068627214;1000;0;32.60496666666667;4.101512;2808.9419375999987;31.632229027027016;8880.0;1035.2654889690218;1.0;D
vehicle_LEAD_8;258;1036.2654889690218;1037.2654889690218;pickupShipment;6068627214;1000;0;32.60496666666667;4.101512;2808.9419375999987;31.632229027027016;8880.0;1036.2654889690218;1.0;D
vehicle_LEAD_8;204;1037.2654889690218;1038.2654889690218;pickupShipment;6068627214;1000;0;32.60496666666667;4.101512;2808.9419375999987;31.632229027027016;8880.0;1037.2654889690218;1.0;D
vehicle_LEAD_8;22;1038.2654889690218;1039.2654889690218;pickupShipment;6068627214;1000;0;32.60496666666667;4.101512;2808.9419375999987;31.632229027027016;8880.0;1038.2654889690218;1.0;D
vehicle_LEAD_8;173;1042.2160230679535;1047.2160230679535;deliverShipment;5947870996;1000;0;32.60496666666667;4.249039;2590.5724721999986;29.173113425675663;8880.0;1042.2160230679535;5.0;1
vehicle_LEAD_8;259;1053.4292306415384;1288.1;deliverShipment;5947881172;1000;0;32.60496666666667;4.559699999999999;2130.7320599999985;23.994730405405388;8880.0;1053.4292306415384;234.67076935846148;2
vehicle_LEAD_8;205;1290.0560360879276;1295.0560360879276;deliverShipment;3246517575;1000;0;32.60496666666667;4.657501999999999;1985.9655395999985;22.364476797297282;8880.0;1290.0560360879276;5.0;3
vehicle_LEAD_8;23;1295.0560360879276;1300.0560360879276;deliverShipment;3246517575;1000;0;32.60496666666667;4.657501999999999;1985.9655395999985;22.364476797297282;8880.0;1295.0560360879276;5.0;4
vehicle_LEAD_8;-2;1310.8471345057308;0.0;end;6068627214;1000;0;32.60496666666667;5.197057999999999;1187.3147483999985;13.370661581081064;8880.0;1310.8471345057308;-1310.8471345057308;end
vehicle_LEAD_9;-1;0.0;0.0;start;6068627214;1000;0;32.60496666666667;0.0;8880.0;100.0;8880.0;0.0;0.0;start
vehicle_LEAD_9;52;0.0;1.0;pickupShipment;6068627214;1000;0;32.60496666666667;0.0;8880.0;100.0;8880.0;0.0;1.0;D
vehicle_LEAD_9;150;1.0;2.0;pickupShipment;6068627214;1000;0;32.60496666666667;0.0;8880.0;100.0;8880.0;1.0;1.0;D
vehicle_LEAD_9;234;2.0;3.0;pickupShipment;6068627214;1000;0;32.60496666666667;0.0;8880.0;100.0;8880.0;2.0;1.0;D
vehicle_LEAD_9;36;3.0;4.0;pickupShipment;6068627214;1000;0;32.60496666666667;0.0;8880.0;100.0;8880.0;3.0;1.0;D
vehicle_LEAD_9;235;13.136781726436546;425.0;deliverShipment;5947847657;1000;0;32.60496666666667;0.4568399999999999;8203.785432;92.38497108108109;8880.0;13.136781726436546;411.86321827356346;1
vehicle_LEAD_9;37;425.2019995960008;430.2019995960008;deliverShipment;5947847660;1000;0;32.60496666666667;0.4669399999999999;8188.835412;92.216615;8880.0;425.2019995960008;5.0;2
vehicle_LEAD_9;151;430.4039991920016;435.4039991920016;deliverShipment;5947847657;1000;0;32.60496666666667;0.4770399999999999;8173.885392;92.04825891891892;8880.0;430.4039991920016;5.0;3
vehicle_LEAD_9;74;444.54078091843814;445.54078091843814;pickupShipment;6068627214;1000;0;32.60496666666667;0.9338799999999998;7497.670824000001;84.43323000000001;8880.0;444.54078091843814;1.0;D
vehicle_LEAD_9;254;445.54078091843814;446.54078091843814;pickupShipment;6068627214;1000;0;32.60496666666667;0.9338799999999998;7497.670824000001;84.43323000000001;8880.0;445.54078091843814;1.0;D
vehicle_LEAD_9;18;446.54078091843814;447.54078091843814;pickupShipment;6068627214;1000;0;32.60496666666667;0.9338799999999998;7497.670824000001;84.43323000000001;8880.0;446.54078091843814;1.0;D
vehicle_LEAD_9;75;459.7300365399269;464.7300365399269;deliverShipment;6970402911;1000;0;32.60496666666667;1.5433439999999996;6595.5422112000015;74.27412400000001;8880.0;459.7300365399269;5.0;1
vehicle_LEAD_9;53;464.7300365399269;469.7300365399269;deliverShipment;6970402911;1000;0;32.60496666666667;1.5433439999999996;6595.5422112000015;74.27412400000001;8880.0;464.7300365399269;5.0;2
vehicle_LEAD_9;255;483.6324687350625;488.6324687350625;deliverShipment;7545572016;1000;0;32.60496666666667;2.2384669999999995;5566.621146600001;62.687175074324344;8880.0;483.6324687350625;5.0;3
vehicle_LEAD_9;19;488.6324687350625;493.6324687350625;deliverShipment;7545572016;1000;0;32.60496666666667;2.2384669999999995;5566.621146600001;62.687175074324344;8880.0;488.6324687350625;5.0;4
vehicle_LEAD_9;134;512.232491535017;513.232491535017;pickupShipment;6068627214;1000;0;32.60496666666667;3.1684699999999992;4190.030706000001;47.18503047297299;8880.0;512.232491535017;1.0;D
vehicle_LEAD_9;58;513.232491535017;514.232491535017;pickupShipment;6068627214;1000;0;32.60496666666667;3.1684699999999992;4190.030706000001;47.18503047297299;8880.0;513.232491535017;1.0;D
vehicle_LEAD_9;230;514.232491535017;515.232491535017;pickupShipment;6068627214;1000;0;32.60496666666667;3.1684699999999992;4190.030706000001;47.18503047297299;8880.0;514.232491535017;1.0;D
vehicle_LEAD_9;166;515.232491535017;516.232491535017;pickupShipment;6068627214;1000;0;32.60496666666667;3.1684699999999992;4190.030706000001;47.18503047297299;8880.0;515.232491535017;1.0;D
vehicle_LEAD_9;135;533.247897504205;1084.3;deliverShipment;6970402888;1000;0;32.60496666666667;4.019241999999999;2930.7179916000014;33.003580986486504;8880.0;533.247897504205;551.052102495795;1
vehicle_LEAD_9;231;1089.0159505680988;1094.0159505680988;deliverShipment;6970402896;1000;0;32.60496666666667;4.255039999999999;2581.6897920000015;29.073083243243257;8880.0;1089.0159505680988;5.0;2
vehicle_LEAD_9;167;1098.0039425921148;1103.0039425921148;deliverShipment;6855610536;1000;0;32.60496666666667;4.454439999999999;2286.5379120000016;25.749300810810826;8880.0;1098.0039425921148;5.0;3
vehicle_LEAD_9;59;1105.7595370809258;1110.7595370809258;deliverShipment;27503216;1000;0;32.60496666666667;4.592219999999999;2082.5959560000015;23.45265716216218;8880.0;1105.7595370809258;5.0;4
vehicle_LEAD_9;-2;1131.310415979168;0.0;end;6068627214;1000;0;32.60496666666667;5.619765999999999;561.6223668000009;6.324576202702713;8880.0;1131.310415979168;-1131.310415979168;end
vehicle_LEAD_10;-1;0.0;0.0;start;6068627214;1000;0;32.60496666666667;0.0;8880.0;100.0;8880.0;0.0;0.0;start
vehicle_LEAD_10;118;0.0;1.0;pickupShipment;6068627214;1000;0;32.60496666666667;0.0;8880.0;100.0;8880.0;0.0;1.0;D
vehicle_LEAD_10;38;1.0;2.0;pickupShipment;6068627214;1000;0;32.60496666666667;0.0;8880.0;100.0;8880.0;1.0;1.0;D
vehicle_LEAD_10;268;2.0;3.0;pickupShipment;6068627214;1000;0;32.60496666666667;0.0;8880.0;100.0;8880.0;2.0;1.0;D
vehicle_LEAD_10;92;3.0;4.0;pickupShipment;6068627214;1000;0;32.60496666666667;0.0;8880.0;100.0;8880.0;3.0;1.0;D
vehicle_LEAD_10;93;21.786104427791145;425.0;deliverShipment;16564356;1000;0;32.60496666666667;0.8893070000000001;7563.6477786;85.17621372297297;8880.0;21.786104427791145;403.21389557220886;1
vehicle_LEAD_10;269;429.7208305583389;434.7208305583389;deliverShipment;33257060;1000;0;32.60496666666667;1.1253490000000002;7214.258410199999;81.24164876351351;8880.0;429.7208305583389;5.0;2
vehicle_LEAD_10;119;440.1179397641205;445.1179397641205;deliverShipment;25312126;1000;0;32.60496666666667;1.3952050000000003;6814.817558999999;76.74344097972971;8880.0;440.1179397641205;5.0;3
vehicle_LEAD_10;252;458.8272723454553;459.8272723454553;pickupShipment;6068627214;1000;0;32.60496666666667;2.080673;5800.187825399999;65.31743046621621;8880.0;458.8272723454553;1.0;D
vehicle_LEAD_10;106;459.8272723454553;460.8272723454553;pickupShipment;6068627214;1000;0;32.60496666666667;2.080673;5800.187825399999;65.31743046621621;8880.0;459.8272723454553;1.0;D
vehicle_LEAD_10;142;460.8272723454553;461.8272723454553;pickupShipment;6068627214;1000;0;32.60496666666667;2.080673;5800.187825399999;65.31743046621621;8880.0;460.8272723454553;1.0;D
vehicle_LEAD_10;39;474.8780462439075;537.2666666666667;deliverShipment;2170533264;1000;0;32.60496666666667;2.733213;4834.2981174;54.44029411486486;8880.0;474.8780462439075;62.388620422759175;1
vehicle_LEAD_10;143;539.345522508955;544.345522508955;deliverShipment;4574272247;1000;0;32.60496666666667;2.8371560000000002;4680.4416888;52.70767667567567;8880.0;539.345522508955;5.0;2
vehicle_LEAD_10;107;554.0953830092341;559.0953830092341;deliverShipment;7363009585;1000;0;32.60496666666667;3.32465;3958.8530699999997;44.58167871621621;8880.0;554.0953830092341;5.0;3
vehicle_LEAD_10;253;559.0953830092341;693.8333333333334;deliverShipment;7363009585;1000;0;32.60496666666667;3.32465;3958.8530699999997;44.58167871621621;8880.0;559.0953830092341;134.7379503240993;4
vehicle_LEAD_10;232;704.8958312083377;705.8958312083377;pickupShipment;6068627214;1000;0;32.60496666666667;3.877776;3140.1159647999993;35.36166627027026;8880.0;704.8958312083377;1.0;D
vehicle_LEAD_10;100;705.8958312083377;706.8958312083377;pickupShipment;6068627214;1000;0;32.60496666666667;3.877776;3140.1159647999993;35.36166627027026;8880.0;705.8958312083377;1.0;D
vehicle_LEAD_10;218;706.8958312083377;707.8958312083377;pickupShipment;6068627214;1000;0;32.60496666666667;3.877776;3140.1159647999993;35.36166627027026;8880.0;706.8958312083377;1.0;D
vehicle_LEAD_10;110;707.8958312083377;708.8958312083377;pickupShipment;6068627214;1000;0;32.60496666666667;3.877776;3140.1159647999993;35.36166627027026;8880.0;707.8958312083377;1.0;D
vehicle_LEAD_10;1;708.8958312083377;724.8112694485809;recharge;6068627214;1000;0;32.60496666666667;3.877776;3140.1159647999993;35.36166627027026;8880.0;708.8958312083377;15.915438240243247;r1
vehicle_LEAD_10;1;708.8958312083377;724.8112694485809;recharge;6068627214;1000;0;32.60496666666667;3.877776;8880.0;100.0;8880.0;708.8958312083377;15.915438240243247;r2
vehicle_LEAD_10;246;724.8112694485809;725.8112694485809;pickupShipment;6068627214;1000;0;32.60496666666667;3.877776;8880.0;100.0;8880.0;724.8112694485809;1.0;D
vehicle_LEAD_10;233;734.6600917509363;739.6600917509363;deliverShipment;4574272246;1000;0;32.60496666666667;4.320218;8225.0973516;92.62497017567567;8880.0;734.6600917509363;5.0;1
vehicle_LEAD_10;101;741.9460871789455;746.9460871789455;deliverShipment;2170533263;1000;0;32.60496666666667;4.434518;8055.9104916;90.71971274324324;8880.0;741.9460871789455;5.0;2
vehicle_LEAD_10;111;746.9460871789455;751.9460871789455;deliverShipment;2170533263;1000;0;32.60496666666667;4.434518;8055.9104916;90.71971274324324;8880.0;746.9460871789455;5.0;3
vehicle_LEAD_10;247;754.2320826069547;778.7833333333333;deliverShipment;4574272246;1000;0;32.60496666666667;4.548818;7886.7236316;88.81445531081081;8880.0;754.2320826069547;24.551250726378612;4
vehicle_LEAD_10;24;787.6321556356887;788.6321556356887;pickupShipment;6068627214;1000;0;32.60496666666667;4.99126;7231.8209832;81.4394254864865;8880.0;787.6321556356887;1.0;D
vehicle_LEAD_10;208;788.6321556356887;789.6321556356887;pickupShipment;6068627214;1000;0;32.60496666666667;4.99126;7231.8209832;81.4394254864865;8880.0;788.6321556356887;1.0;D
vehicle_LEAD_10;198;789.6321556356887;790.6321556356887;pickupShipment;6068627214;1000;0;32.60496666666667;4.99126;7231.8209832;81.4394254864865;8880.0;789.6321556356887;1.0;D
vehicle_LEAD_10;209;817.0253828492343;827.3333333333334;deliverShipment;1754647302;1000;0;32.60496666666667;6.310924;5278.4543304;59.442053270270264;8880.0;817.0253828492343;10.307950484099024;1
vehicle_LEAD_10;25;828.2788714422571;875.4;deliverShipment;1754647299;1000;0;32.60496666666667;6.358201;5208.474915;58.65399679054054;8880.0;828.2788714422571;47.12112855774285;2
vehicle_LEAD_10;219;889.407611984776;894.407611984776;deliverShipment;2770600417;1000;0;32.60496666666667;7.0585830000000005;4171.769478599999;46.97938602027026;8880.0;889.407611984776;5.0;3
vehicle_LEAD_10;199;894.407611984776;1102.1333333333334;deliverShipment;2770600417;1000;0;32.60496666666667;7.0585830000000005;4171.769478599999;46.97938602027026;8880.0;894.407611984776;207.72572134855739;4
vehicle_LEAD_10;50;1139.4171387657225;1140.4171387657225;pickupShipment;6068627214;1000;0;32.60496666666667;8.922777;1412.389519799999;15.905287385135125;8880.0;1139.4171387657225;1.0;D
vehicle_LEAD_10;86;1140.4171387657225;1141.4171387657225;pickupShipment;6068627214;1000;0;32.60496666666667;8.922777;1412.389519799999;15.905287385135125;8880.0;1140.4171387657225;1.0;D
vehicle_LEAD_10;1;1141.4171387657225;1148.5757273100712;recharge;6068627214;1000;0;32.60496666666667;8.922777;1412.389519799999;15.905287385135125;8880.0;1141.4171387657225;7.158588544348731;r1
vehicle_LEAD_10;1;1141.4171387657225;1148.5757273100712;recharge;6068627214;1000;0;32.60496666666667;8.922777;8880.0;100.0;8880.0;1141.4171387657225;7.158588544348731;r2
vehicle_LEAD_10;34;1148.5757273100712;1149.5757273100712;pickupShipment;6068627214;1000;0;32.60496666666667;8.922777;8880.0;100.0;8880.0;1148.5757273100712;1.0;D
vehicle_LEAD_10;162;1149.5757273100712;1150.5757273100712;pickupShipment;6068627214;1000;0;32.60496666666667;8.922777;8880.0;100.0;8880.0;1149.5757273100712;1.0;D
vehicle_LEAD_10;163;1171.9267446080366;1176.9267446080366;deliverShipment;6970402897;1000;0;32.60496666666667;9.99033;7299.8080494000005;82.20504560135136;8880.0;1171.9267446080366;5.0;1
vehicle_LEAD_10;87;1177.3372037871184;1182.3372037871184;deliverShipment;6970402896;1000;0;32.60496666666667;10.010853000000001;7269.4299048;81.86294937837837;8880.0;1177.3372037871184;5.0;2
vehicle_LEAD_10;51;1183.7158010299238;1188.7158010299238;deliverShipment;5109779163;1000;0;32.60496666666667;10.079783;7167.3997188;80.7139607972973;8880.0;1183.7158010299238;5.0;3
vehicle_LEAD_10;35;1191.1520561574137;1196.1520561574137;deliverShipment;2244092199;1000;0;32.60496666666667;10.201596;6987.0921162;78.68346977702703;8880.0;1191.1520561574137;5.0;4
vehicle_LEAD_10;-2;1213.774080913364;0.0;end;6068627214;1000;0;32.60496666666667;11.082699;5682.8834556;63.99643531081082;8880.0;1213.774080913364;-1213.774080913364;end
